north(m) east(m),
818109.2385 842279.3782,
818105.5167 842276.1856,
818101.7949 842272.9929,
818098.073 842269.8003,
818094.3512 842266.6076,
818090.6294 842263.415,
818086.9076 842260.2223,
818083.1857 842257.0297,
818079.4639 842253.837,
818075.7421 842250.6444,
818072.3131 842247.0884,
818068.8841 842243.5324,
818065.4551 842239.9764,
818062.0261 842236.4204,
818058.5971 842232.8644,
818056.4698 842229.4354,
818054.3426 842226.0064,
818052.2153 842222.5774,
818050.0881 842219.1484,
818047.9608 842215.7194,
818049.3482 842211.3719,
818050.7355 842207.0244,
818052.1229 842202.6769,
818048.9781 842199.3276,
818045.8334 842195.9784,
818042.6886 842192.6291,
818039.5438 842189.2799,
818036.399 842185.9306,
818033.2543 842182.5813,
818030.1095 842179.2321,
818026.9647 842175.8828,
818023.5346 842172.7928,
818020.1044 842169.7029,
818016.6743 842166.6129,
818013.2441 842163.523,
818009.814 842160.433,
818006.3838 842157.3431,
818002.9537 842154.2531,
817999.2495 842151.2104,
817995.5454 842148.1676,
817991.8412 842145.1249,
817988.5227 842141.5028,
817985.2041 842137.8808,
817981.8856 842134.2587,
817978.567 842130.6366,
817975.2485 842127.0146,
817971.9299 842123.3925,
817968.6114 842119.7704,
817965.2928 842116.1484,
817961.9743 842112.5263,
817961.9743 842112.5263,
817959.2974 842109.6045,
817956.5854 842106.5618,
817953.8734 842103.5191,
817951.1614 842100.4764,
817949.9708 842095.9123,
817948.7802 842091.3483,
817947.5895 842086.7842,
817946.3989 842082.2201,
817946.2588 842077.5028,
817946.1187 842072.7855,
817945.9786 842068.0681,
817945.8385 842063.3508,
817945.6985 842058.6335,
817945.5584 842053.9162,
817945.4183 842049.1988,
817945.2782 842044.4815,
817945.1381 842039.7642,
817942.5223 842035.5804,
817939.9066 842031.3967,
817937.2908 842027.2129,
817934.6751 842023.0291,
817932.0593 842018.8453,
817929.4435 842014.6616,
817926.8278 842010.4778,
817924.212 842006.294,
817921.6512 842002.0727,
817919.0904 841997.8514,
817916.5296 841993.63,
817913.9688 841989.4087,
817911.408 841985.1874,
817908.8472 841980.9661,
817906.2864 841976.7448,
817903.7256 841972.5235,
817901.1648 841968.3021,
817898.604 841964.0808,
817896.0433 841959.8595,
817893.4825 841955.6382,
817890.9217 841951.4169,
817888.3609 841947.1955,
817885.8001 841942.9742,
817883.2393 841938.7529,
817880.6785 841934.5316,
817878.1177 841930.3103,
817875.5569 841926.089,
817872.9961 841921.8676,
817870.4353 841917.6463,
817867.8745 841913.425,
817865.3137 841909.2037,
817862.7529 841904.9824,
817860.1921 841900.761,
817857.6313 841896.5397,
817855.0705 841892.3184,
817852.5097 841888.0971,
817849.9489 841883.8758,
817847.3881 841879.6545,
817844.8273 841875.4331,
817842.2665 841871.2118,
817839.7058 841866.9905,
817837.145 841862.7692,
817834.5842 841858.5479,
817832.0234 841854.3265,
817829.4626 841850.1052,
817826.9018 841845.8839,
817824.341 841841.6626,
817821.7802 841837.4413,
817819.2194 841833.22,
817816.6586 841828.9986,
817814.0978 841824.7773,
817811.537 841820.556,
817809.709 841817.0973,
817807.881 841813.6385,
817806.053 841810.1798,
817804.225 841806.721,
817802.1424 841802.9526,
817800.0598 841799.1842,
817797.9772 841795.4158,
817795.8946 841791.6474,
817793.812 841787.879,
817791.5874 841783.854,
817789.3629 841779.8289,
817787.1383 841775.8039,
817784.9137 841771.7788,
817782.6892 841767.7538,
817780.4646 841763.7287,
817778.8842 841760.8692,
817777.3038 841758.0097,
817775.3303 841754.4402,
817773.4717 841751.0783,
817771.613 841747.7165,
817769.0713 841743.1193,
817766.747 841738.9153,
817764.4228 841734.7112,
817762.0985 841730.5072,
817759.7742 841726.3032,
817757.4499 841722.0992,
817755.1257 841717.8951,
817752.8014 841713.6911,
817750.4771 841709.4871,
817748.1528 841705.2831,
817745.8286 841701.079,
817743.5043 841696.875,
817741.18 841692.671,
817738.7829 841688.3304,
817736.3858 841683.9898,
817733.9888 841679.6492,
817731.5917 841675.3085,
817729.1946 841670.9679,
817726.7975 841666.6273,
817724.4005 841662.2867,
817722.0034 841657.9461,
817719.6063 841653.6055,
817717.2092 841649.2648,
817714.8121 841644.9242,
817712.4151 841640.5836,
817710.018 841636.243,
817707.6209 841631.9024,
817705.2238 841627.5618,
817702.8267 841623.2211,
817700.4297 841618.8805,
817698.0326 841614.5399,
817695.6355 841610.1993,
817693.2384 841605.8587,
817690.8414 841601.5181,
817688.4443 841597.1774,
817686.0472 841592.8368,
817683.6501 841588.4962,
817681.253 841584.1556,
817678.856 841579.815,
817676.4589 841575.4744,
817674.0618 841571.1337,
817671.6647 841566.7931,
817669.2677 841562.4525,
817666.8706 841558.1119,
817664.4735 841553.7713,
817662.0764 841549.4307,
817659.6793 841545.09,
817657.2823 841540.7494,
817654.8852 841536.4088,
817652.4881 841532.0682,
817650.091 841527.7276,
817647.6939 841523.387,
817645.2969 841519.0463,
817642.8998 841514.7057,
817640.5027 841510.3651,
817638.1056 841506.0245,
817635.7086 841501.6839,
817633.3115 841497.3433,
817630.9144 841493.0026,
817628.5173 841488.662,
817626.1202 841484.3214,
817623.7232 841479.9808,
817621.3261 841475.6402,
817618.929 841471.2996,
817616.5319 841466.9589,
817614.1348 841462.6183,
817611.7378 841458.2777,
817609.3407 841453.9371,
817606.9436 841449.5965,
817604.5465 841445.2559,
817602.1495 841440.9152,
817599.7524 841436.5746,
817597.3553 841432.234,
817594.9042 841427.932,
817592.4531 841423.6299,
817590.0019 841419.3279,
817587.5508 841415.0258,
817585.0997 841410.7238,
817582.6486 841406.4217,
817580.1974 841402.1197,
817577.7463 841397.8176,
817575.2952 841393.5156,
817572.8441 841389.2136,
817570.393 841384.9115,
817567.9418 841380.6095,
817565.4907 841376.3074,
817563.0396 841372.0054,
817560.5885 841367.7033,
817558.1373 841363.4013,
817555.6862 841359.0992,
817553.2351 841354.7972,
817550.784 841350.4952,
817548.3329 841346.1931,
817545.8817 841341.8911,
817543.4306 841337.589,
817540.9795 841333.287,
817538.5284 841328.9849,
817536.0772 841324.6829,
817533.6261 841320.3808,
817531.175 841316.0788,
817528.7239 841311.7768,
817526.2728 841307.4747,
817523.8216 841303.1727,
817521.3705 841298.8706,
817518.9194 841294.5686,
817516.4683 841290.2665,
817514.0171 841285.9645,
817511.566 841281.6624,
817509.1149 841277.3604,
817506.6638 841273.0584,
817504.2127 841268.7563,
817501.7615 841264.4543,
817499.3104 841260.1522,
817496.8593 841255.8502,
817494.4082 841251.5481,
817491.957 841247.2461,
817489.5059 841242.944,
817487.0548 841238.642,
817484.6037 841234.34,
817482.1526 841230.0379,
817479.7014 841225.7359,
817477.2503 841221.4338,
817474.7992 841217.1318,
817472.3481 841212.8297,
817469.8969 841208.5277,
817467.4458 841204.2256,
817464.9947 841199.9236,
817462.5436 841195.6216,
817460.0925 841191.3195,
817457.6413 841187.0175,
817455.1902 841182.7154,
817452.7391 841178.4134,
817450.288 841174.1113,
817447.8368 841169.8093,
817445.3857 841165.5072,
817442.9346 841161.2052,
817440.4835 841156.9032,
817438.0324 841152.6011,
817435.5812 841148.2991,
817433.1301 841143.997,
817430.679 841139.695,
817428.2279 841135.3929,
817425.7767 841131.0909,
817423.3256 841126.7888,
817420.8745 841122.4868,
817418.4234 841118.1848,
817415.9723 841113.8827,
817413.5211 841109.5807,
817411.07 841105.2786,
817408.6189 841100.9766,
817406.1678 841096.6745,
817403.7166 841092.3725,
817401.2655 841088.0704,
817398.8144 841083.7684,
817396.3633 841079.4664,
817393.9122 841075.1643,
817391.461 841070.8623,
817389.0099 841066.5602,
817386.5588 841062.2582,
817384.1077 841057.9561,
817381.6565 841053.6541,
817379.2054 841049.352,
817376.7543 841045.05,
817374.944 841041.8217,
817373.1336 841038.5933,
817371.3233 841035.365,
817369.2561 841031.6748,
817367.189 841027.9847,
817365.1218 841024.2945,
817363.0546 841020.6043,
817360.9875 841016.9142,
817358.9203 841013.224,
817356.4815 841008.8611,
817354.0428 841004.4981,
817351.604 841000.1352,
817349.1652 840995.7722,
817346.7265 840991.4093,
817344.2877 840987.0463,
817341.8489 840982.6834,
817339.4101 840978.3204,
817336.9714 840973.9575,
817334.5326 840969.5945,
817332.0938 840965.2316,
817329.6551 840960.8686,
817327.2163 840956.5057,
817324.7775 840952.1427,
817322.3388 840947.7798,
817319.9 840943.4168,
817317.4612 840939.0539,
817315.0225 840934.6909,
817312.5837 840930.328,
817310.1449 840925.965,
817307.7061 840921.6021,
817305.2674 840917.2391,
817302.8286 840912.8762,
817300.3898 840908.5132,
817297.9511 840904.1503,
817295.5123 840899.7873,
817293.0735 840895.4244,
817290.6348 840891.0614,
817288.196 840886.6985,
817285.7572 840882.3355,
817283.3185 840877.9726,
817280.8797 840873.6096,
817278.4409 840869.2467,
817276.0021 840864.8837,
817273.5634 840860.5208,
817271.1246 840856.1578,
817268.6858 840851.7949,
817266.2471 840847.4319,
817263.8083 840843.069,
817261.3695 840838.7061,
817258.9308 840834.3431,
817256.492 840829.9802,
817254.0532 840825.6172,
817251.6145 840821.2543,
817249.1757 840816.8913,
817246.7369 840812.5284,
817244.2981 840808.1654,
817241.8594 840803.8025,
817239.4206 840799.4395,
817236.9818 840795.0766,
817234.5431 840790.7136,
817232.1043 840786.3507,
817229.6655 840781.9877,
817227.2268 840777.6248,
817224.788 840773.2618,
817222.3492 840768.8989,
817219.9105 840764.5359,
817217.4717 840760.173,
817215.0329 840755.81,
817212.5941 840751.4471,
817210.1554 840747.0841,
817207.7166 840742.7212,
817205.2778 840738.3582,
817202.8391 840733.9953,
817200.4003 840729.6323,
817197.9615 840725.2694,
817195.5228 840720.9064,
817193.084 840716.5435,
817190.6452 840712.1805,
817188.2065 840707.8176,
817185.7677 840703.4546,
817183.3289 840699.0917,
817180.8901 840694.7287,
817178.4514 840690.3658,
817176.0126 840686.0028,
817173.5738 840681.6399,
817171.1351 840677.2769,
817168.6963 840672.914,
817166.282 840668.5972,
817163.8677 840664.2805,
817161.4534 840659.9637,
817159.0391 840655.647,
817156.6247 840651.3302,
817154.2104 840647.0135,
817151.7961 840642.6967,
817149.3818 840638.38,
817146.9675 840634.0632,
817144.5532 840629.7465,
817142.1389 840625.4297,
817139.7246 840621.113,
817137.3102 840616.7962,
817134.8959 840612.4795,
817132.4816 840608.1627,
817130.0673 840603.8459,
817127.653 840599.5292,
817125.2387 840595.2124,
817122.8244 840590.8957,
817120.4101 840586.5789,
817117.9958 840582.2622,
817115.5814 840577.9454,
817113.1671 840573.6287,
817110.7528 840569.3119,
817108.3385 840564.9952,
817105.9242 840560.6784,
817103.5099 840556.3617,
817101.0956 840552.0449,
817098.6813 840547.7282,
817096.2669 840543.4114,
817093.8526 840539.0946,
817091.4383 840534.7779,
817089.024 840530.4611,
817086.6097 840526.1444,
817084.1954 840521.8276,
817081.7811 840517.5109,
817079.3668 840513.1941,
817076.9525 840508.8774,
817074.5381 840504.5606,
817072.1238 840500.2439,
817069.7095 840495.9271,
817067.2952 840491.6104,
817064.8809 840487.2936,
817062.4666 840482.9769,
817060.0523 840478.6601,
817057.638 840474.3434,
817055.2237 840470.0266,
817052.8093 840465.7098,
817050.395 840461.3931,
817047.9807 840457.0763,
817045.5664 840452.7596,
817043.1521 840448.4428,
817040.7378 840444.1261,
817038.3235 840439.8093,
817035.9092 840435.4926,
817033.4948 840431.1758,
817031.0805 840426.8591,
817028.6662 840422.5423,
817026.2519 840418.2256,
817023.8376 840413.9088,
817021.4233 840409.5921,
817019.009 840405.2753,
817016.5947 840400.9585,
817014.1804 840396.6418,
817011.766 840392.325,
817009.3517 840388.0083,
817006.9374 840383.6915,
817004.5231 840379.3748,
817002.1088 840375.058,
816999.6945 840370.7413,
816997.2802 840366.4245,
816994.8659 840362.1078,
816992.4515 840357.791,
816990.0372 840353.4743,
816987.6229 840349.1575,
816985.2086 840344.8408,
816982.7943 840340.524,
816980.4202 840336.2096,
816978.046 840331.8952,
816975.6719 840327.5808,
816973.2977 840323.2664,
816970.9236 840318.9519,
816968.5494 840314.6375,
816966.1753 840310.3231,
816963.8011 840306.0087,
816961.427 840301.6943,
816959.0528 840297.3799,
816956.6787 840293.0655,
816954.3045 840288.7511,
816951.9304 840284.4366,
816949.5562 840280.1222,
816947.1821 840275.8078,
816944.8079 840271.4934,
816942.4338 840267.179,
816940.0596 840262.8646,
816937.6855 840258.5502,
816935.3113 840254.2358,
816932.9372 840249.9213,
816930.563 840245.6069,
816928.1889 840241.2925,
816925.8147 840236.9781,
816923.4406 840232.6637,
816921.0664 840228.3493,
816918.6923 840224.0349,
816916.3181 840219.7205,
816913.944 840215.406,
816911.5698 840211.0916,
816909.1957 840206.7772,
816906.8215 840202.4628,
816904.4474 840198.1484,
816902.0732 840193.834,
816899.6991 840189.5196,
816897.3249 840185.2052,
816894.9508 840180.8907,
816892.5766 840176.5763,
816890.2025 840172.2619,
816887.8283 840167.9475,
816885.4542 840163.6331,
816883.08 840159.3187,
816880.7059 840155.0043,
816878.3317 840150.6899,
816875.9576 840146.3754,
816873.5834 840142.061,
816871.2093 840137.7466,
816868.8351 840133.4322,
816866.461 840129.1178,
816864.0868 840124.8034,
816861.7127 840120.489,
816859.3385 840116.1746,
816856.9644 840111.8601,
816854.5902 840107.5457,
816852.2161 840103.2313,
816849.8419 840098.9169,
816847.4678 840094.6025,
816845.0712 840090.3784,
816842.6746 840086.1543,
816840.278 840081.9302,
816837.8815 840077.7061,
816835.4849 840073.4819,
816833.0883 840069.2578,
816830.6917 840065.0337,
816828.2951 840060.8096,
816826.7141 840058.0236,
816825.1331 840055.2376,
816825.1331 840055.2376,
816824.1069 840053.4293,
816824.1069 840053.4293,
816823.0286 840051.5291,
816821.1087 840047.8577,
816819.1888 840044.1863,
816817.2689 840040.5149,
816816.7653 840039.5479,
816815.7998 840037.6943,
816815.7998 840037.6943,
816814.0955 840034.422,
816812.4231 840031.0613,
816810.7507 840027.7005,
816810.2983 840026.6952,
816809.1994 840024.2531,
816809.1994 840024.2531,
816808.2792 840022.2084,
816805.8384 840017.2431,
816804.0979 840013.8342,
816802.3575 840010.4254,
816802.3575 840010.4254,
816800.7136 840006.9114,
816800.7136 840006.9114,
816799.6195 840004.5727,
816798.9032 840003.0417,
816797.7807 840000.6422,
816797.0957 839999.178,
816795.9119 839996.5475,
816795.1899 839994.9431,
816794.2626 839992.8824,
816794.2626 839992.8824,
816792.5877 839989.1604,
816790.8791 839985.3427,
816789.1704 839981.525,
816786.8581 839976.3584,
816785.1565 839972.5564,
816785.1565 839972.5564,
816783.7485 839969.723,
816781.4138 839965.8314,
816779.0791 839961.9399,
816776.7445 839958.0483,
816774.4098 839954.1568,
816772.0751 839950.2652,
816769.3471 839946.7105,
816766.619 839943.1558,
816763.891 839939.6011,
816761.535 839937.1624,
816759.1789 839934.7237,
816756.8229 839932.285,
816753.9296 839929.5983,
816751.0362 839926.9116,
816748.1429 839924.2249,
816745.0429 839921.5382,
816741.9428 839918.8516,
816738.8428 839916.1649,
816734.9574 839913.9329,
816731.0721 839911.7008,
816727.1867 839909.4688,
816727.1867 839909.4688,
816724.3729 839908.184,
816720.0996 839906.2328,
816715.8263 839904.2815,
816711.8995 839903.1673,
816707.9728 839902.0532,
816704.046 839900.939,
816700.2739 839900.1552,
816696.5019 839899.3715,
816692.7298 839898.5877,
816688.0333 839898.2157,
816683.3367 839897.8437,
816679.5857 839898.1537,
816675.8346 839898.4637,
816672.0836 839898.7737,
816668.2396 839899.5797,
816664.3955 839900.3857,
816660.5515 839901.1917,
816657.2655 839902.2147,
816653.9794 839903.2377,
816650.6934 839904.2607,
816646.8339 839905.9813,
816642.9744 839907.7018,
816640.0294 839909.3448,
816637.0843 839910.9878,
816634.1393 839912.6308,
816631.0083 839914.8628,
816627.8772 839917.0949,
816624.7462 839919.3269,
816622.2352 839921.6054,
816619.7241 839923.8839,
816617.2596 839926.6275,
816614.7951 839929.371,
816612.3432 839932.3572,
816610.0521 839935.044,
816608.1871 839937.8252,
816606.3221 839940.6063,
816605.9616 839941.1439,
816607.4736 839943.9288,
816605.7859 839947.8668,
816604.0982 839951.8048,
816602.4104 839955.7428,
816600.7227 839959.6808,
816599.035 839963.6188,
816598.0442 839967.1401,
816597.0533 839970.6614,
816596.8749 839973.5823,
816596.6965 839976.5032,
816596.5406 839981.0388,
816596.3847 839985.5743,
816596.3695 839989.288,
816596.3543 839993.0016,
816596.3543 839993.0016,
816596.6049 839997.9034,
816597.112 840001.3966,
816597.619 840004.8897,
816598.1261 840008.3829,
816598.7527 840011.9091,
816599.3792 840015.4352,
816599.3792 840015.4352,
816600.4924 840019.8764,
816601.6457 840022.9185,
816602.799 840025.9605,
816604.6036 840029.5949,
816606.4082 840033.2292,
816608.2214 840036.3371,
816610.0346 840039.445,
816612.0244 840042.3375,
816614.0142 840045.2299,
816615.8779 840047.5515,
816617.7415 840049.873,
816619.9344 840052.2841,
816622.1273 840054.6952,
816625.2982 840057.8011,
816628.469 840060.9069,
816631.2985 840063.2098,
816634.128 840065.5126,
816636.5227 840067.0703,
816638.9174 840068.6279,
816642.1837 840070.4345,
816645.45 840072.241,
816648.5262 840073.755,
816651.6024 840075.269,
816654.6786 840076.783,
816654.6786 840076.783,
816658.6256 840078.4117,
816658.6256 840078.4117,
816662.3548 840079.7106,
816665.1867 840080.4865,
816668.0185 840081.2623,
816670.9573 840081.8497,
816673.896 840082.437,
816677.7291 840082.8818,
816681.5621 840083.3265,
816685.6282 840083.4412,
816689.6943 840083.5558,
816693.4743 840083.3621,
816697.2542 840083.1683,
816700.9113 840082.686,
816704.5683 840082.2036,
816707.4024 840081.6218,
816710.2365 840081.0399,
816712.9591 840080.3058,
816715.6816 840079.5717,
816718.2646 840078.693,
816720.8476 840077.8143,
816723.2719 840076.7976,
816725.6962 840075.7808,
816728.4772 840074.3359,
816731.2581 840072.8909,
816734.393 840070.9554,
816737.5278 840069.0199,
816739.8622 840067.3791,
816742.1965 840065.7382,
816745.5348 840063.1161,
816748.873 840060.494,
816751.6439 840058.1433,
816754.4148 840055.7925,
816757.1857 840053.4418,
816760.287 840050.4134,
816763.3883 840047.3849,
816765.8549 840044.4703,
816768.3214 840041.5556,
816770.788 840038.641,
816773.2479 840036.0024,
816775.7079 840033.3639,
816778.1678 840030.7253,
816780.6194 840026.9649,
816783.071 840023.2045,
816785.5226 840019.4441,
816787.9743 840015.6838,
816790.4259 840011.9234,
816792.8775 840008.163,
816795.3291 840004.4026,
816797.7807 840000.6422,
816799.8929 839997.4025,
816802.005 839994.1628,
816804.1743 839992.4351,
816806.3436 839990.7073,
816810.5686 839983.6766,
816812.702 839980.0663,
816814.8353 839976.4561,
816816.9686 839972.8458,
816819.5019 839968.8028,
816822.0351 839964.7599,
816824.5684 839960.7169,
816827.1016 839956.6739,
816829.3017 839953.1626,
816831.5018 839949.6514,
816833.7019 839946.1401,
816836.3161 839942.1512,
816838.9303 839938.1622,
816841.5446 839934.1733,
816844.1588 839930.1843,
816846.773 839926.1954,
816849.3872 839922.2065,
816852.0014 839918.2175,
816854.6157 839914.2286,
816857.2299 839910.2396,
816859.8441 839906.2507,
816862.4583 839902.2618,
816865.0725 839898.2728,
816867.6868 839894.2839,
816870.301 839890.2949,
816872.9152 839886.306,
816875.6582 839882.2399,
816878.4012 839878.1737,
816881.1443 839874.1076,
816883.8873 839870.0414,
816886.6303 839865.9753,
816889.3733 839861.9091,
816892.1164 839857.843,
816894.8594 839853.7768,
816897.6024 839849.7107,
816900.3454 839845.6445,
816903.0885 839841.5784,
816905.8315 839837.5122,
816908.5745 839833.4461,
816911.3175 839829.3799,
816914.0606 839825.3138,
816916.8036 839821.2476,
816919.5466 839817.1815,
816921.959 839813.6055,
816924.3714 839810.0295,
816926.7837 839806.4534,
816929.1961 839802.8774,
816931.6085 839799.3014,
816932.4536 839795.0759,
816933.2987 839790.8503,
816936.627 839787.4286,
816939.9553 839784.0069,
816943.2837 839780.5851,
816946.612 839777.1634,
816949.9403 839773.7417,
816952.9869 839769.8913,
816956.0336 839766.0408,
816959.0802 839762.1904,
816962.1269 839758.34,
816965.1735 839754.4895,
816968.2202 839750.6391,
816971.2668 839746.7886,
816974.3134 839742.9382,
816977.3601 839739.0878,
816980.4067 839735.2373,
816983.4534 839731.3869,
816986.5 839727.5365,
816989.5466 839723.686,
816992.5933 839719.8356,
816995.6399 839715.9851,
816998.6866 839712.1347,
817001.7332 839708.2843,
817004.7799 839704.4338,
817007.8265 839700.5834,
817010.8731 839696.733,
817013.9198 839692.8825,
817016.9664 839689.0321,
817020.0131 839685.1816,
817023.0597 839681.3312,
817026.2455 839676.9536,
817029.0675 839673.076,
817031.8894 839669.1985,
817034.7113 839665.3209,
817037.5333 839661.4434,
817040.3552 839657.5658,
817043.1771 839653.6883,
817045.9991 839649.8107,
817048.821 839645.9332,
817051.6429 839642.0556,
817054.4649 839638.1781,
817057.2868 839634.3005,
817059.7412 839630.2369,
817062.1955 839626.1733,
817064.6499 839622.1098,
817067.1043 839618.0462,
817069.5586 839613.9826,
817072.013 839609.919,
817074.3461 839605.7417,
817076.6792 839601.5644,
817079.0123 839597.3871,
817081.3455 839593.2099,
817083.6786 839589.0326,
817086.0117 839584.8553,
817088.3448 839580.678,
817090.3224 839576.2158,
817092.3 839571.7536,
817094.2775 839567.2913,
817096.2551 839562.8291,
817098.2327 839558.3669,
817100.1765 839554.0146,
817102.1202 839549.6622,
817104.064 839545.3099,
817105.8401 839541.5744,
817107.6162 839537.839,
817109.3923 839534.1035,
817110.8501 839529.9519,
817112.308 839525.8003,
817113.7658 839521.6486,
817115.2236 839517.497,
817116.5388 839513.2661,
817117.854 839509.0353,
817119.1692 839504.8044,
817120.4845 839500.5736,
817121.7997 839496.3427,
817123.1149 839492.1118,
817124.4301 839487.881,
817125.7453 839483.6501,
817127.0264 839479.064,
817128.3075 839474.4779,
817129.5886 839469.8918,
817130.8697 839465.3056,
817132.1508 839460.7195,
817133.4319 839456.1334,
817134.713 839451.5473,
817135.9941 839446.9612,
817137.2752 839442.3751,
817138.5562 839437.7889,
817139.8373 839433.2028,
817141.1184 839428.6167,
817142.3995 839424.0306,
817143.6806 839419.4445,
817144.9617 839414.8584,
817146.2428 839410.2722,
817147.5239 839405.6861,
817148.805 839401.1,
817150.317 839396.4546,
817151.829 839391.8092,
817153.341 839387.1638,
817154.853 839382.5184,
817156.365 839377.873,
817157.877 839373.2276,
817159.389 839368.5822,
817160.901 839363.9368,
817162.413 839359.2914,
817163.925 839354.646,
817165.437 839350.0006,
817166.949 839345.3552,
817168.461 839340.7098,
817169.973 839336.0644,
817171.485 839331.419,
817172.997 839326.7736,
817174.509 839322.1282,
817176.021 839317.4828,
817177.533 839312.8374,
817179.045 839308.192,
817180.5569 839303.5465,
817182.0689 839298.9011,
817183.5809 839294.2557,
817185.0929 839289.6103,
817186.6049 839284.9649,
817188.1169 839280.3195,
817189.6289 839275.6741,
817191.1409 839271.0287,
817192.6529 839266.3833,
817194.1649 839261.7379,
817195.6769 839257.0925,
817197.1889 839252.4471,
817198.7009 839247.8017,
817200.2129 839243.1563,
817201.7249 839238.5109,
817203.2369 839233.8655,
817204.7489 839229.2201,
817206.2609 839224.5747,
817207.7729 839219.9293,
817209.2849 839215.2839,
817210.4872 839211.7012,
817211.6894 839208.1185,
817213.0007 839204.2108,
817214.312 839200.3032,
817215.6233 839196.3955,
817217.0403 839191.9088,
817218.4573 839187.422,
817219.8742 839182.9353,
817221.2912 839178.4486,
817222.7082 839173.9618,
817224.1252 839169.4751,
817225.5421 839164.9884,
817226.9591 839160.5017,
817228.3761 839156.0149,
817229.7931 839151.5282,
817231.21 839147.0415,
817232.627 839142.5547,
817234.044 839138.068,
817235.267 839133.2707,
817236.49 839128.4733,
817237.713 839123.676,
817238.936 839118.8787,
817240.159 839114.0813,
817241.382 839109.284,
817242.3778 839104.5668,
817243.3736 839099.8496,
817244.3694 839095.1324,
817245.3652 839090.4152,
817246.361 839085.698,
817246.361 839085.698,
817246.6136 839083.2474,
817247.066 839078.8586,
817247.5134 839074.5191,
817247.9607 839070.1795,
817248.408 839065.84,
817248.7218 839061.7805,
817249.0357 839057.721,
817249.3495 839053.6615,
817249.6634 839049.602,
817249.9772 839045.5425,
817250.104 839040.9282,
817250.2307 839036.3139,
817250.3575 839031.6995,
817250.4842 839027.0852,
817250.611 839022.4709,
817250.5096 839017.8819,
817250.4082 839013.2929,
817250.3067 839008.704,
817250.2053 839004.115,
817250.1039 838999.526,
817249.9821 838994.653,
817249.8602 838989.7799,
817249.7919 838987.0469,
817249.7236 838984.3139,
817249.2095 838980.0602,
817248.6954 838975.8064,
817248.1813 838971.5527,
817247.7405 838967.6616,
817247.2997 838963.7705,
817246.8589 838959.8793,
817246.4181 838955.9882,
817244.8132 838952.1696,
817243.2082 838948.351,
817241.6033 838944.5324,
817240.6709 838939.7901,
817239.7385 838935.0477,
817238.8061 838930.3054,
817237.8737 838925.563,
817236.9413 838920.8207,
817236.0089 838916.0784,
817235.0764 838911.336,
817234.144 838906.5937,
817233.2116 838901.8514,
817232.2792 838897.109,
817231.3468 838892.3667,
817230.4144 838887.6243,
817229.482 838882.882,
817228.4434 838878.0542,
817227.4048 838873.2264,
817226.3661 838868.3987,
817225.3275 838863.5709,
817224.2889 838858.7431,
817223.2503 838853.9153,
817222.2116 838849.0875,
817221.173 838844.2598,
817220.1344 838839.432,
817219.0958 838834.6042,
817218.0571 838829.7764,
817217.0185 838824.9486,
817215.9799 838820.1209,
817214.9413 838815.2931,
817213.9026 838810.4653,
817212.864 838805.6375,
817211.8254 838800.8097,
817210.7868 838795.982,
817209.7481 838791.1542,
817208.7095 838786.3264,
817207.6709 838781.4986,
817206.6323 838776.6708,
817205.5936 838771.8431,
817204.555 838767.0153,
817203.5164 838762.1875,
817202.4778 838757.3597,
817201.4392 838752.5319,
817200.4005 838747.7042,
817199.3619 838742.8764,
817198.3233 838738.0486,
817197.2847 838733.2208,
817196.246 838728.393,
817195.2074 838723.5653,
817194.1688 838718.7375,
817193.1302 838713.9097,
817192.0915 838709.0819,
817191.0529 838704.2541,
817190.0143 838699.4264,
817188.9757 838694.5986,
817187.937 838689.7708,
817186.8984 838684.943,
817185.8598 838680.1152,
817184.8212 838675.2875,
817183.7825 838670.4597,
817182.7439 838665.6319,
817181.7053 838660.8041,
817180.6667 838655.9763,
817179.628 838651.1486,
817178.5894 838646.3208,
817177.5508 838641.493,
817176.9804 838636.8026,
817176.4099 838632.1123,
817175.8395 838627.4219,
817175.269 838622.7315,
817174.6986 838617.8193,
817174.1281 838612.907,
817173.5577 838607.9948,
817172.9872 838603.0825,
817172.7156 838598.7362,
817172.4439 838594.3899,
817172.1723 838590.0436,
817171.9006 838585.6973,
817171.629 838581.351,
817171.3573 838577.0047,
817171.0857 838572.6584,
817171.1762 838568.2578,
817171.2668 838563.8571,
817171.3573 838559.4565,
817171.4479 838555.0559,
817171.5384 838550.6553,
817171.629 838546.2546,
817171.7195 838541.854,
817171.8209 838537.189,
817171.9223 838532.5239,
817172.0238 838527.8589,
817172.1252 838523.1938,
817172.2266 838518.5288,
817171.9368 838513.9108,
817171.6471 838509.2929,
817171.3573 838504.6749,
817171.0676 838500.057,
817170.7778 838495.439,
817170.4881 838490.8211,
817170.1983 838486.2031,
817169.6704 838482.3572,
817169.1424 838478.5113,
817168.9159 838476.8614,
817168.589 838474.48,
817168.589 838474.48,
817168.2592 838472.0627,
817167.5941 838467.1874,
817166.929 838462.312,
817166.0274 838457.882,
817165.1259 838453.452,
817164.2243 838449.022,
817163.3227 838444.592,
817162.4211 838440.162,
817161.5196 838435.732,
817160.618 838431.302,
817159.5115 838426.4656,
817158.4049 838421.6292,
817157.2984 838416.7929,
817156.1919 838411.9565,
817155.0853 838407.1201,
817153.9788 838402.2837,
817152.8722 838397.4474,
817151.7657 838392.611,
817150.6592 838387.7746,
817149.5526 838382.9382,
817148.4461 838378.1019,
817147.3396 838373.2655,
817146.233 838368.4291,
817145.1265 838363.5927,
817144.02 838358.7563,
817142.9134 838353.92,
817141.8069 838349.0836,
817140.7004 838344.2472,
817139.5938 838339.4108,
817138.4873 838334.5745,
817137.3807 838329.7381,
817136.2742 838324.9017,
817135.1677 838320.0653,
817134.0611 838315.229,
817132.9546 838310.3926,
817131.8481 838305.5562,
817130.7415 838300.7198,
817129.635 838295.8834,
817128.5285 838291.0471,
817127.4219 838286.2107,
817126.3154 838281.3743,
817125.2089 838276.5379,
817124.1023 838271.7016,
817122.9958 838266.8652,
817121.8892 838262.0288,
817120.7827 838257.1924,
817119.6762 838252.3561,
817118.5696 838247.5197,
817117.4631 838242.6833,
817116.5671 838237.9212,
817115.6711 838233.1591,
817114.7751 838228.397,
817113.8791 838223.6349,
817112.9831 838218.8728,
817112.0871 838214.1107,
817111.1911 838209.3486,
817108.5593 838205.2975,
817105.9274 838201.2464,
817104.8859 838197.1943,
817103.8445 838193.1422,
817102.803 838189.0901,
817101.4448 838184.3635,
817100.0866 838179.6369,
817098.7284 838174.9103,
817097.3701 838170.1836,
817096.0119 838165.457,
817094.6537 838160.7304,
817093.2955 838156.0038,
817091.6264 838151.736,
817089.9573 838147.4681,
817088.2882 838143.2003,
817086.6191 838138.9325,
817084.95 838134.6646,
817083.2809 838130.3968,
817081.3371 838126.4882,
817079.3934 838122.5795,
817077.4496 838118.6709,
817075.5058 838114.7622,
817073.5621 838110.8536,
817071.6183 838106.9449,
817069.289 838102.92,
817066.9596 838098.8952,
817064.6303 838094.8703,
817062.3009 838090.8455,
817059.9716 838086.8206,
817057.6422 838082.7957,
817055.3129 838078.7709,
817052.9835 838074.746,
817050.2852 838070.8162,
817047.5868 838066.8864,
817044.8885 838062.9566,
817042.1902 838059.0269,
817039.4919 838055.0971,
817036.7935 838051.1673,
817034.0952 838047.2375,
817031.1922 838043.65,
817028.2893 838040.0625,
817025.3863 838036.475,
817022.4833 838032.8875,
817019.5804 838029.3,
817016.6774 838025.7124,
817013.7744 838022.1249,
817010.8714 838018.5374,
817007.9685 838014.9499,
817005.0655 838011.3624,
817002.2584 838007.7036,
816999.4513 838004.0447,
816996.6443 838000.3859,
816993.8372 837996.7271,
816991.0301 837993.0682,
816988.223 837989.4094,
816985.416 837985.7506,
816982.6089 837982.0917,
816979.8018 837978.4329,
816975.8383 837976.0164,
816971.8748 837973.5998,
816967.9113 837971.1833,
816963.9478 837968.7667,
816959.9842 837966.3502,
816956.0207 837963.9336,
816952.0572 837961.5171,
816948.0937 837959.1005,
816944.5304 837955.9826,
816940.9671 837952.8647,
816937.4037 837949.7468,
816933.8404 837946.6289,
816930.2771 837943.511,
816926.7138 837940.3931,
816923.1504 837937.2752,
816919.5871 837934.1573,
816916.0238 837931.0394,
816912.3694 837927.8857,
816908.715 837924.732,
816905.0606 837921.5783,
816901.4061 837918.4246,
816897.7517 837915.2709,
816894.0973 837912.1172,
816890.4429 837908.9636,
816886.7885 837905.8099,
816883.1341 837902.6562,
816879.4796 837899.5025,
816875.8252 837896.3488,
816872.1708 837893.1951,
816868.5164 837890.0414,
816867.598 837887.3177,
816866.6796 837884.5939,
816863.2394 837881.6264,
816859.7992 837878.6589,
816856.359 837875.6913,
816852.9188 837872.7238,
816849.4785 837869.7563,
816846.0383 837866.7888,
816842.5981 837863.8212,
816839.1579 837860.8537,
816835.6848 837857.8553,
816832.2116 837854.857,
816828.7385 837851.8586,
816825.2654 837848.8603,
816821.7923 837845.8619,
816818.3191 837842.8636,
816814.846 837839.8652,
816811.2613 837836.9312,
816807.6766 837833.9971,
816804.0918 837831.0631,
816800.5071 837828.129,
816796.9224 837825.195,
816793.2226 837821.9893,
816789.5227 837818.7837,
816785.8229 837815.578,
816782.1231 837812.3724,
816778.4232 837809.1667,
816774.7234 837805.9611,
816771.0236 837802.7554,
816767.3237 837799.5498,
816763.6239 837796.3441,
816760.0175 837793.2571,
816756.4112 837790.1701,
816752.8048 837787.0831,
816749.1985 837783.9962,
816745.5921 837780.9092,
816741.9857 837777.8222,
816738.3794 837774.7352,
816734.773 837771.6482,
816733.6733 837770.7177,
816730.2084 837767.7858,
816727.0922 837765.0646,
816723.9759 837762.3434,
816720.8597 837759.6221,
816717.7434 837756.9009,
816714.0709 837753.7413,
816710.3985 837750.5817,
816706.726 837747.4221,
816703.0535 837744.2625,
816699.381 837741.1029,
816695.7086 837737.9433,
816692.0361 837734.7837,
816688.3636 837731.6241,
816684.6912 837728.4645,
816681.0187 837725.3048,
816677.3462 837722.1452,
816673.6737 837718.9856,
816670.0013 837715.826,
816666.3288 837712.6664,
816662.6563 837709.5068,
816658.9838 837706.3472,
816655.3114 837703.1876,
816651.6389 837700.028,
816648.1627 837697.0372,
816644.6864 837694.0465,
816641.2102 837691.0557,
816637.734 837688.0649,
816634.2577 837685.0741,
816630.7815 837682.0834,
816627.3052 837679.0926,
816623.829 837676.1018,
816620.3528 837673.111,
816616.8765 837670.1203,
816613.4003 837667.1295,
816609.772 837664.0084,
816606.1437 837660.8873,
816602.5154 837657.7661,
816598.8871 837654.645,
816595.2587 837651.5239,
816591.6304 837648.4028,
816588.0021 837645.2816,
816584.3738 837642.1605,
816580.7455 837639.0394,
816577.1553 837635.9648,
816573.565 837632.8903,
816569.9748 837629.8157,
816566.3846 837626.7411,
816562.7944 837623.6665,
816559.2041 837620.592,
816555.6139 837617.5174,
816551.8816 837614.3211,
816548.1492 837611.1248,
816543.5616 837607.4355,
816539.7807 837604.3949,
816536.5328 837601.8785,
816533.2849 837599.3621,
816530.3003 837597.2553,
816527.3157 837595.1486,
816524.3311 837593.0418,
816520.9018 837590.8414,
816517.4725 837588.641,
816514.0431 837586.4406,
816510.6138 837584.2402,
816507.1845 837582.0398,
816503.3221 837579.8745,
816499.4597 837577.7093,
816495.5973 837575.544,
816491.7349 837573.3787,
816489.1682 837572.0492,
816486.6014 837570.7197,
816482.558 837569.0311,
816478.5146 837567.3425,
816474.4712 837565.6539,
816469.9084 837564.0773,
816465.3455 837562.5007,
816460.8382 837561.2402,
816456.3308 837559.9797,
816451.8235 837558.7192,
816447.8831 837558.0169,
816443.9426 837557.3147,
816440.0022 837556.6124,
816436.0644 837555.9943,
816432.1265 837555.3763,
816428.1887 837554.7582,
816424.2508 837554.1401,
816421.3648 837553.7793,
816418.4787 837553.4185,
816413.056 837553.1481,
816408.6632 837553.0064,
816404.2703 837552.8647,
816399.9516 837552.6591,
816395.6329 837552.4534,
816391.3141 837552.2478,
816386.9954 837552.0421,
816381.739 837551.9437,
816377.0627 837551.8728,
816375.2691 837551.7808,
816371.5362 837551.5894,
816367.1953 837551.4317,
816362.8544 837551.274,
816358.5135 837551.1164,
816354.1725 837550.9587,
816349.8316 837550.801,
816345.4907 837550.6433,
816341.4606 837550.3224,
816337.4304 837550.0015,
816333.4003 837549.6805,
816329.3701 837549.3596,
816325.34 837549.0387,
816320.8054 837548.3302,
816316.2709 837547.6216,
816311.7363 837546.9131,
816307.1871 837546.0887,
816302.6378 837545.2644,
816298.0886 837544.44,
816294.2381 837543.4641,
816290.3876 837542.4882,
816286.5371 837541.5122,
816282.6866 837540.5363,
816278.0812 837538.9067,
816273.4757 837537.2771,
816268.8703 837535.6474,
816264.2648 837534.0178,
816260.1553 837532.1402,
816256.0459 837530.2626,
816251.9364 837528.385,
816247.8269 837526.5074,
816244.2842 837524.4763,
816240.7416 837522.4452,
816237.1989 837520.4141,
816233.8701 837518.1545,
816230.5414 837515.8949,
816227.2126 837513.6352,
816223.8838 837511.3756,
816220.6928 837508.597,
816217.5018 837505.8183,
816214.4315 837503.0787,
816211.3612 837500.339,
816208.2909 837497.5994,
816205.7018 837494.7849,
816203.1127 837491.9703,
816200.5236 837489.1558,
816197.9345 837486.3412,
816197.9345 837486.3412,
816194.6699 837482.8652,
816191.7862 837479.1206,
816188.9025 837475.3761,
816186.0188 837471.6315,
816183.7179 837468.3855,
816181.4169 837465.1394,
816179.1159 837461.1401,
816176.8149 837457.1408,
816174.5139 837453.1415,
816172.443 837448.8518,
816170.3722 837444.5622,
816168.3013 837440.2725,
816166.2305 837435.9829,
816164.1596 837431.6932,
816162.4955 837427.6049,
816160.8314 837423.5165,
816159.1673 837419.4282,
816157.5032 837415.3398,
816155.9384 837410.9044,
816154.3735 837406.4691,
816152.8087 837402.0337,
816151.2438 837397.5984,
816149.679 837393.163,
816148.3391 837388.734,
816146.9992 837384.305,
816145.6593 837379.876,
816144.3194 837375.447,
816142.9795 837371.018,
816141.7745 837366.6231,
816140.5694 837362.2282,
816139.3644 837357.8334,
816138.1593 837353.4385,
816136.9543 837349.0436,
816135.7492 837344.6487,
816134.5442 837340.2539,
816133.3391 837335.859,
816132.1341 837331.4641,
816132.1341 837331.4641,
816131.1432 837327.8504,
816129.7757 837323.4409,
816128.4082 837319.0314,
816127.0407 837314.6219,
816125.6732 837310.2124,
816124.3057 837305.8029,
816123.3741 837301.1713,
816122.4426 837296.5396,
816121.511 837291.908,
816120.8272 837287.2235,
816120.1434 837282.539,
816119.4595 837277.8545,
816118.7757 837273.17,
816118.0919 837268.4855,
816117.4081 837263.801,
816116.7242 837259.1165,
816116.0404 837254.432,
816114.8595 837249.7557,
816113.6786 837245.0794,
816112.4977 837240.4031,
816111.1751 837236.1992,
816109.8525 837231.9952,
816108.5299 837227.7913,
816106.9239 837223.7763,
816105.3179 837219.7613,
816103.7119 837215.7463,
816101.6336 837211.873,
816099.5552 837207.9997,
816097.4769 837204.1264,
816095.7056 837201.5049,
816093.9342 837198.8833,
816091.5103 837196.0615,
816089.0863 837193.2397,
816086.6624 837190.4179,
816084.3679 837187.8648,
816082.0733 837185.3116,
816079.8434 837183.0494,
816077.6134 837180.7871,
816075.2219 837178.2663,
816072.8303 837175.7455,
816070.2772 837173.0308,
816067.7241 837170.316,
816065.3972 837167.7952,
816063.0703 837165.2744,
816059.8712 837161.7036,
816056.672 837158.1328,
816053.4729 837154.5621,
816050.2738 837150.9913,
816047.0746 837147.4205,
816043.8755 837143.8497,
816040.8335 837140.6291,
816037.7915 837137.4084,
816034.7494 837134.1878,
816031.7074 837130.9671,
816029.0789 837127.7999,
816026.4504 837124.6328,
816023.8218 837121.4656,
816021.1933 837118.2985,
816018.5648 837115.1313,
816015.6993 837111.6194,
816012.8337 837108.1075,
816009.9682 837104.5956,
816007.1026 837101.0837,
816004.2371 837097.5718,
816001.4901 837094.34,
815998.7431 837091.1082,
815996.3731 837088.0919,
815994.0031 837085.0755,
815991.7049 837082.131,
815989.4068 837079.1864,
815987.1086 837076.2419,
815984.3436 837072.2381,
815981.5786 837068.2342,
815978.8137 837064.2304,
815976.0487 837060.2266,
815973.2837 837056.2227,
815970.5187 837052.2189,
815968.0841 837048.4485,
815965.6495 837044.678,
815963.2148 837040.9076,
815960.7802 837037.1371,
815958.3456 837033.3667,
815956.0564 837029.3539,
815953.7672 837025.3411,
815951.478 837021.3282,
815949.1888 837017.3154,
815947.6806 837014.6223,
815946.1724 837011.9291,
815944.4302 837008.5948,
815942.688 837005.2604,
815942.688 837005.2604,
815940.5172 837001.0394,
815939.7576 836997.9607,
815938.998 836994.882,
815937.3067 836991.1919,
815935.6154 836987.5018,
815933.9241 836983.8118,
815932.2328 836980.1217,
815930.5415 836976.4316,
815928.8763 836972.4554,
815927.211 836968.4791,
815925.5458 836964.5029,
815923.8805 836960.5266,
815922.2153 836956.5504,
815920.55 836952.5741,
815918.8848 836948.5979,
815918.8848 836948.5979,
815917.8085 836946.061,
815915.9865 836941.4966,
815914.1644 836936.9322,
815912.3424 836932.3678,
815910.5203 836927.8034,
815908.6983 836923.239,
815906.8763 836918.6746,
815905.0542 836914.1102,
815903.2322 836909.5457,
815901.4101 836904.9813,
815899.5881 836900.4169,
815897.7661 836895.8525,
815895.944 836891.2881,
815894.122 836886.7237,
815892.2999 836882.1593,
815890.4779 836877.5949,
815888.7058 836873.311,
815886.9338 836869.0271,
815885.1617 836864.7432,
815883.3896 836860.4592,
815881.6176 836856.1753,
815879.8455 836851.8914,
815877.953 836847.2691,
815876.0605 836842.6468,
815874.168 836838.0245,
815872.2755 836833.4022,
815870.383 836828.78,
815868.4905 836824.1577,
815866.598 836819.5354,
815864.7055 836814.9131,
815862.813 836810.2908,
815861.2388 836806.523,
815859.6646 836802.7552,
815858.0903 836798.9874,
815856.5161 836795.2196,
815855.1226 836791.8131,
815853.729 836788.4066,
815851.9741 836784.0711,
815850.2192 836779.7355,
815849.0838 836777.2581,
815847.9483 836774.7806,
815846.8128 836772.0451,
815845.6773 836769.3096,
815844.1253 836765.4462,
815842.5733 836761.5827,
815841.0213 836757.7193,
815839.5815 836753.9659,
815838.1417 836750.2125,
815836.2007 836746.1262,
815834.2596 836742.0398,
815832.3186 836737.9535,
815830.3775 836733.8671,
815828.4365 836729.7808,
815827.0304 836725.9365,
815825.6243 836722.0922,
815824.2183 836718.248,
