north(m) east(m),
818141.7248 836635.6614,
818137.0573 836635.2321,
818132.3898 836634.8028,
818129.4442 836634.5319,
818126.4985 836634.261,
818122.2249 836633.8679,
818117.9513 836633.4749,
818113.6777 836633.0818,
818109.4041 836632.6888,
818105.1305 836632.2957,
818100.2129 836632.2814,
818095.2953 836632.2672,
818090.3777 836632.2529,
818085.4601 836632.2386,
818080.5424 836632.2243,
818075.6248 836632.2101,
818070.7072 836632.1958,
818065.7896 836632.1815,
818060.9399 836632.1912,
818056.0901 836632.2009,
818051.2404 836632.2106,
818046.5513 836632.8095,
818041.8621 836633.4083,
818037.0005 836633.8923,
818032.1388 836634.3762,
818027.2772 836634.8602,
818022.4155 836635.3442,
818017.5539 836635.8281,
818012.6922 836636.3121,
818007.9699 836637.0326,
818003.2476 836637.753,
817998.5253 836638.4735,
817993.803 836639.1939,
817989.0807 836639.9144,
817984.3584 836640.6348,
817979.6361 836641.3553,
817974.8263 836642.0553,
817970.0166 836642.7554,
817965.2068 836643.4554,
817960.3971 836644.1554,
817955.5873 836644.8555,
817950.7776 836645.5555,
817945.9678 836646.2555,
817941.158 836646.9556,
817936.3483 836647.6556,
817931.5385 836648.3556,
817926.7288 836649.0557,
817921.919 836649.7557,
817918.1704 836650.3013,
817914.4219 836650.8469,
817910.6733 836651.3925,
817906.3765 836652.0179,
817902.0797 836652.6433,
817897.7828 836653.2687,
817893.486 836653.8941,
817889.117 836654.5236,
817884.748 836655.153,
817880.9772 836655.7942,
817877.2065 836656.4354,
817873.4357 836657.0766,
817868.5646 836657.9049,
817864.759 836658.552,
817860.3347 836659.2864,
817855.9104 836660.0208,
817851.486 836660.7552,
817847.0617 836661.4896,
817842.6374 836662.224,
817840.0569 836662.6524,
817837.4764 836663.0807,
817833.2418 836663.7836,
817829.0073 836664.4865,
817824.7727 836665.1893,
817820.5381 836665.8922,
817816.707 836666.5281,
817813.159 836667.1171,
817809.6109 836667.706,
817803.9196 836668.6132,
817798.9932 836669.3933,
817794.0667 836670.1735,
817789.1403 836670.9537,
817784.2139 836671.7338,
817779.2875 836672.514,
817774.361 836673.2942,
817769.4346 836674.0743,
817764.5082 836674.8545,
817759.5818 836675.6347,
817754.6553 836676.4149,
817749.7289 836677.195,
817744.8025 836677.9752,
817739.8761 836678.7554,
817734.9497 836679.5355,
817730.0232 836680.3157,
817725.0968 836681.0959,
817720.1704 836681.876,
817715.244 836682.6562,
817710.3175 836683.4364,
817705.3911 836684.2165,
817700.4647 836684.9967,
817695.5383 836685.7769,
817690.6118 836686.557,
817685.6854 836687.3372,
817680.759 836688.1174,
817675.8326 836688.8976,
817670.9061 836689.6777,
817665.9797 836690.4579,
817661.0533 836691.2381,
817656.1269 836692.0182,
817651.2005 836692.7984,
817646.274 836693.5786,
817641.3476 836694.3587,
817636.4212 836695.1389,
817631.4948 836695.9191,
817626.5683 836696.6992,
817621.6419 836697.4794,
817616.7155 836698.2596,
817611.7891 836699.0397,
817606.8626 836699.8199,
817601.9362 836700.6001,
817597.0098 836701.3803,
817592.0834 836702.1604,
817587.157 836702.9406,
817582.2305 836703.7208,
817577.3041 836704.5009,
817572.3777 836705.2811,
817567.4513 836706.0613,
817562.5248 836706.8414,
817557.5984 836707.6216,
817552.672 836708.4018,
817547.7456 836709.1819,
817542.8191 836709.9621,
817537.8927 836710.7423,
817532.9663 836711.5224,
817528.0399 836712.3026,
817523.1134 836713.0828,
817518.187 836713.863,
817513.2606 836714.6431,
817508.3342 836715.4233,
817503.4078 836716.2035,
817498.4813 836716.9836,
817493.5549 836717.7638,
817488.6285 836718.544,
817483.7021 836719.3241,
817478.7756 836720.1043,
817473.8492 836720.8845,
817468.9228 836721.6646,
817463.9964 836722.4448,
817459.0699 836723.225,
817454.1435 836724.0051,
817449.2171 836724.7853,
817444.2907 836725.5655,
817439.3643 836726.3457,
817434.4378 836727.1258,
817429.5114 836727.906,
817424.585 836728.6862,
817419.6586 836729.4663,
817414.7321 836730.2465,
817409.8057 836731.0267,
817404.8793 836731.8068,
817399.9529 836732.587,
817395.0264 836733.3672,
817390.1 836734.1473,
817385.1736 836734.9275,
817380.2472 836735.7077,
817375.3207 836736.4878,
817370.3943 836737.268,
817365.4679 836738.0482,
817360.5415 836738.8284,
817355.6151 836739.6085,
817350.6886 836740.3887,
817345.7622 836741.1689,
817340.8358 836741.949,
817335.9094 836742.7292,
817330.9829 836743.5094,
817326.0565 836744.2895,
817321.1301 836745.0697,
817316.2037 836745.8499,
817311.2772 836746.63,
817306.3508 836747.4102,
817301.4244 836748.1904,
817296.498 836748.9705,
817291.5716 836749.7507,
817286.6451 836750.5309,
817281.7187 836751.3111,
817276.7923 836752.0912,
817271.8659 836752.8714,
817266.9394 836753.6516,
817262.013 836754.4317,
817257.0866 836755.2119,
817252.1602 836755.9921,
817247.2337 836756.7722,
817242.3073 836757.5524,
817237.3809 836758.3326,
817232.4545 836759.1127,
817227.528 836759.8929,
817222.6016 836760.6731,
817217.6752 836761.4532,
817212.7488 836762.2334,
817207.8224 836763.0136,
817202.8959 836763.7938,
817197.9695 836764.5739,
817193.0431 836765.3541,
817188.1167 836766.1343,
817183.1902 836766.9144,
817178.2638 836767.6946,
817173.3374 836768.4748,
817168.411 836769.2549,
817163.4845 836770.0351,
817158.5581 836770.8153,
817153.6317 836771.5954,
817148.7053 836772.3756,
817143.7789 836773.1558,
817138.8524 836773.9359,
817133.926 836774.7161,
817128.9996 836775.4963,
817124.0732 836776.2765,
817119.1467 836777.0566,
817114.2203 836777.8368,
817109.2939 836778.617,
817104.3675 836779.3971,
817099.441 836780.1773,
817094.5146 836780.9575,
817089.5882 836781.7376,
817084.6618 836782.5178,
817079.7353 836783.298,
817074.8089 836784.0781,
817069.8825 836784.8583,
817064.9561 836785.6385,
817060.0297 836786.4186,
817055.1032 836787.1988,
817050.1768 836787.979,
817045.2504 836788.7592,
817040.324 836789.5393,
817035.3975 836790.3195,
817030.4711 836791.0997,
817025.5447 836791.8798,
817020.6183 836792.66,
817015.6918 836793.4402,
817010.7654 836794.2203,
817005.839 836795.0005,
817000.9126 836795.7807,
816995.9862 836796.5608,
816991.0597 836797.341,
816986.1333 836798.1212,
816981.2069 836798.9013,
816976.2805 836799.6815,
816971.354 836800.4617,
816966.4276 836801.2418,
816961.5012 836802.022,
816956.5748 836802.8022,
816951.6483 836803.5824,
816946.7219 836804.3625,
816941.7955 836805.1427,
816936.8691 836805.9229,
816931.9427 836806.703,
816927.0162 836807.4832,
816922.0898 836808.2634,
816917.1634 836809.0435,
816912.237 836809.8237,
816907.3105 836810.6039,
816902.3841 836811.384,
816897.4577 836812.1642,
816892.5313 836812.9444,
816887.6048 836813.7245,
816882.6784 836814.5047,
816877.752 836815.2849,
816872.8256 836816.0651,
816867.8991 836816.8452,
816862.9727 836817.6254,
816858.0463 836818.4056,
816853.1199 836819.1857,
816848.1935 836819.9659,
816843.267 836820.7461,
816838.3406 836821.5262,
816833.4142 836822.3064,
816828.4878 836823.0866,
816823.5613 836823.8667,
816818.6349 836824.6469,
816813.7085 836825.4271,
816808.7821 836826.2072,
816803.8556 836826.9874,
816798.9292 836827.7676,
816794.0028 836828.5478,
816789.0764 836829.3279,
816784.15 836830.1081,
816779.2235 836830.8883,
816774.2971 836831.6684,
816769.3707 836832.4486,
816764.4443 836833.2288,
816759.5178 836834.0089,
816754.5914 836834.7891,
816749.665 836835.5693,
816744.7386 836836.3494,
816739.8121 836837.1296,
816734.8857 836837.9098,
816729.9593 836838.6899,
816725.0329 836839.4701,
816720.1064 836840.2503,
816715.18 836841.0305,
816710.2536 836841.8106,
816705.3272 836842.5908,
816700.4008 836843.371,
816695.4743 836844.1511,
816690.5479 836844.9313,
816685.6215 836845.7115,
816680.6951 836846.4916,
816675.7686 836847.2718,
816670.8422 836848.052,
816665.9158 836848.8321,
816660.9894 836849.6123,
816656.0629 836850.3925,
816651.1365 836851.1726,
816646.2101 836851.9528,
816641.2837 836852.733,
816636.3573 836853.5132,
816631.4308 836854.2933,
816626.5044 836855.0735,
816621.578 836855.8537,
816616.6516 836856.6338,
816611.7251 836857.414,
816606.7987 836858.1942,
816601.8723 836858.9743,
816596.9459 836859.7545,
816592.0194 836860.5347,
816587.093 836861.3148,
816582.1666 836862.095,
816577.2402 836862.8752,
816572.3137 836863.6553,
816567.3873 836864.4355,
816562.4609 836865.2157,
816557.5345 836865.9959,
816552.6081 836866.776,
816547.6816 836867.5562,
816542.7552 836868.3364,
816537.8288 836869.1165,
816532.9024 836869.8967,
816527.9759 836870.6769,
816523.0495 836871.457,
816518.1231 836872.2372,
816513.1967 836873.0174,
816508.2702 836873.7975,
816503.3438 836874.5777,
816498.4174 836875.3579,
816493.491 836876.138,
816488.5646 836876.9182,
816483.6381 836877.6984,
816478.7117 836878.4786,
816473.7853 836879.2587,
816468.8589 836880.0389,
816463.9324 836880.8191,
816459.006 836881.5992,
816454.0796 836882.3794,
816449.1532 836883.1596,
816444.2267 836883.9397,
816439.3003 836884.7199,
816434.3739 836885.5001,
816429.4475 836886.2802,
816424.521 836887.0604,
816419.5946 836887.8406,
816414.6682 836888.6207,
816409.7418 836889.4009,
816404.8154 836890.1811,
816399.8889 836890.9613,
816394.9625 836891.7414,
816390.0361 836892.5216,
816385.1097 836893.3018,
816380.1832 836894.0819,
816375.2568 836894.8621,
816370.3304 836895.6423,
816365.404 836896.4224,
816360.4775 836897.2026,
816355.5511 836897.9828,
816350.6247 836898.7629,
816345.6983 836899.5431,
816340.7719 836900.3233,
816335.8454 836901.1034,
816330.919 836901.8836,
816325.9926 836902.6638,
816321.0662 836903.444,
816316.1397 836904.2241,
816311.2133 836905.0043,
816306.2869 836905.7845,
816301.3605 836906.5646,
816296.434 836907.3448,
816291.5076 836908.125,
816286.5812 836908.9051,
816281.6548 836909.6853,
816276.7283 836910.4655,
816271.8019 836911.2456,
816266.8755 836912.0258,
816261.9491 836912.806,
816257.0227 836913.5861,
816252.0962 836914.3663,
816247.1698 836915.1465,
816242.2434 836915.9267,
816237.317 836916.7068,
816232.3905 836917.487,
816227.4641 836918.2672,
816222.5377 836919.0473,
816217.6113 836919.8275,
816212.6848 836920.6077,
816207.7584 836921.3878,
816202.832 836922.168,
816198.9683 836922.168,
816195.1045 836922.168,
816191.2408 836922.168,
816187.377 836922.168,
816182.8437 836921.5498,
816178.3103 836920.9317,
816173.777 836920.3135,
816169.2437 836919.6953,
816164.7103 836919.0772,
816160.177 836918.459,
816156.159 836917.8408,
816152.141 836917.2225,
816148.123 836916.6043,
816144.105 836915.986,
816139.7777 836914.7497,
816135.4503 836913.5133,
816131.123 836912.277,
816127.2593 836911.0408,
816123.3955 836909.8045,
816119.5318 836908.5683,
816115.668 836907.332,
816111.959 836906.25,
816108.25 836905.168,
816104.541 836904.086,
816100.832 836903.004,
816100.832 836903.004,
816098.2914 836901.8633,
816098.266 836901.8519,
816094.7284 836900.2636,
816092.1129 836899.0893,
816089.4973 836897.9149,
816089.4973 836897.9149,
816087.6307 836897.0385,
816084.6087 836895.5203,
816081.5867 836894.002,
816077.5428 836891.3232,
816073.499 836888.6444,
816069.4551 836885.9657,
816065.4113 836883.2869,
816061.3674 836880.6081,
816057.3236 836877.9293,
816053.2797 836875.2506,
816049.2359 836872.5718,
816045.192 836869.893,
816042.9934 836868.1051,
816040.7948 836866.3172,
816037.4931 836863.722,
816034.1913 836861.1269,
816030.8896 836858.5317,
816027.607 836855.6214,
816024.3245 836852.7111,
816021.0419 836849.8008,
816017.7593 836846.8905,
816014.4564 836843.5335,
816011.1535 836840.1765,
816007.8507 836836.8194,
816004.5478 836833.4624,
816001.2449 836830.1054,
815998.1573 836826.8808,
815995.0696 836823.6562,
815995.0696 836823.6562,
815993.4675 836822.0956,
815990.2443 836818.613,
815987.0212 836815.1304,
815983.798 836811.6477,
815980.5749 836808.1651,
815977.3517 836804.6825,
815974.1285 836801.1999,
815970.9054 836797.7172,
815967.6822 836794.2346,
815964.6787 836791.22,
815961.6751 836788.2055,
815958.6716 836785.1909,
815955.4463 836782.1977,
815952.221 836779.2045,
815948.9956 836776.2114,
815945.7703 836773.2182,
815942.545 836770.225,
815939.723 836767.9237,
815936.901 836765.6223,
815934.079 836763.321,
815932.0888 836759.4054,
815930.0986 836755.4898,
815927.0903 836753.3628,
815924.0819 836751.2357,
815921.0565 836749.4336,
815918.0311 836747.6315,
815915.3387 836746.0277,
815912.6463 836744.4239,
815910.123 836742.9209,
815907.5996 836741.4178,
815903.4669 836738.9561,
815899.3341 836736.4943,
815897.2582 836734.6963,
815895.1823 836732.8983,
815892.7797 836729.8002,
815890.377 836726.702,
815890.377 836726.702,
815887.496 836722.767,
815887.496 836722.767,
815884.726 836718.873,
815884.726 836718.873,
815882.405 836714.641,
815882.405 836714.641,
815880.405 836710.302,
815880.405 836710.302,
815878.744 836705.773,
815878.744 836705.773,
815877.744 836701.656,
815877.194 836699.1315,
815876.644 836696.607,
815876.309 836693.9755,
815875.974 836691.344,
815875.974 836691.344,
815875.754 836689.076,
815875.809 836686.498,
815875.864 836683.92,
815876.267 836680.1135,
815876.67 836676.307,
815877.2065 836672.874,
815877.743 836669.441,
815878.3865 836666.4365,
815879.03 836663.432,
815879.03 836663.432,
815879.8136 836660.6295,
815880.6827 836657.5216,
815881.5518 836654.4136,
815882.6756 836649.9587,
815883.7994 836645.5038,
815882.7079 836641.2402,
815881.6164 836636.9765,
815881.6164 836636.9765,
815880.856 836632.7993,
815880.3264 836630.1922,
815879.7968 836627.585,
815879.7968 836627.585,
815878.2489 836623.5929,
815876.3343 836620.0896,
815874.4196 836616.5862,
815874.4196 836616.5862,
815872.0569 836614.468,
815872.0569 836614.468,
815868.6351 836611.0461,
815866.1095 836609.2537,
815863.5838 836607.4613,
815859.5364 836605.4577,
815855.489 836603.454,
815850.673 836602.674,
815845.857 836601.894,
815842.0707 836602.3104,
815838.2843 836602.7269,
815834.498 836603.1433,
815834.498 836603.1433,
815831.2391 836604.1209,
815827.7358 836605.6689,
815824.2325 836607.2169,
815821.5439 836609.0908,
815818.8553 836610.9646,
815818.8553 836610.9646,
815816.8185 836612.757,
815816.8185 836612.757,
815813.7225 836615.6086,
815813.7225 836615.6086,
815810.8089 836619.1049,
815806.6347 836624.342,
815803.6204 836628.187,
815803.6204 836628.187,
815802.345 836629.8139,
815800.556 836632.096,
815798.813 836634.1029,
815795.9834 836637.447,
815794.332 836639.3986,
815791.0731 836642.8205,
815787.8142 836646.2423,
815787.8142 836646.2423,
815786.1445 836647.7729,
815786.1445 836647.7729,
815782.9259 836650.7233,
815780.8998 836652.2875,
815778.8737 836653.8516,
815778.8737 836653.8516,
815774.776 836656.576,
815772.2309 836657.8581,
815769.6857 836659.1402,
815769.6857 836659.1402,
815767.086 836660.4498,
815764.4046 836661.7323,
815761.7231 836663.0147,
815758.0661 836664.637,
815754.4091 836666.2592,
815754.4091 836666.2592,
815751.3857 836667.6004,
815746.8846 836669.394,
815742.3836 836671.1876,
815737.8825 836672.9812,
815733.3814 836674.7747,
815728.8804 836676.5683,
815724.3793 836678.3619,
815724.3793 836678.3619,
815720.9523 836679.7275,
815717.4965 836681.0998,
815714.0406 836682.4721,
815709.8744 836684.1265,
815705.7081 836685.7809,
815701.5419 836687.4354,
815697.3757 836689.0898,
815693.2094 836690.7442,
815689.0432 836692.3986,
815687.5403 836695.505,
815686.0373 836698.6114,
815684.5344 836701.7178,
815680.3238 836703.3674,
815676.1132 836705.0171,
815671.9026 836706.6667,
815667.692 836708.3163,
815663.4814 836709.966,
815659.2708 836711.6156,
815655.0602 836713.2652,
815650.8496 836714.9148,
815646.639 836716.5645,
815642.4284 836718.2141,
815638.7081 836719.6273,
815634.9878 836721.0404,
815631.2674 836722.4536,
815627.5471 836723.8667,
815623.3557 836725.1356,
815619.1644 836726.4046,
815614.973 836727.6735,
815614.973 836727.6735,
815610.2433 836728.8271,
815607.4095 836729.3514,
815604.5757 836729.8756,
815604.5757 836729.8756,
815600.021 836730.529,
815600.021 836730.529,
815597.33 836730.788,
815597.33 836730.788,
815593.269 836731.115,
815590.3935 836731.284,
815587.518 836731.453,
815584.637 836731.3995,
815581.756 836731.346,
815577.149 836731.115,
815572.542 836730.884,
815567.935 836730.653,
815563.328 836730.422,
815558.721 836730.191,
815553.8709 836729.8833,
815549.0208 836729.5756,
815544.1707 836729.2679,
815539.3206 836728.9602,
815534.4705 836728.6525,
815529.6204 836728.3448,
815524.7703 836728.0371,
815519.9202 836727.7294,
815515.0701 836727.4217,
815510.22 836727.114,
815505.4359 836726.836,
815500.6518 836726.558,
815495.8677 836726.28,
815491.0836 836726.002,
815486.2995 836725.724,
815481.5154 836725.446,
815476.7313 836725.168,
815471.9472 836724.89,
815467.1631 836724.612,
815462.379 836724.334,
815462.379 836724.334,
815458.068 836724.111,
815455.4675 836724.165,
815452.867 836724.219,
815449.206 836724.165,
815445.545 836724.111,
815441.7875 836723.9255,
815438.03 836723.74,
815438.03 836723.74,
815434.566 836724.202,
815434.566 836724.202,
815431.102 836724.895,
815428.4165 836726.0045,
815425.731 836727.114,
815422.869 836727.185,
815420.007 836727.256,
815415.5118 836727.298,
