0.000000 0.000000
0.090416 -0.317211
0.114403 -0.246578
0.188409 -0.274189
0.210545 -0.493150
0.288746 -0.222819
0.310123 -0.328769
0.411348 -0.410960
0.488962 -0.305011
0.508774 -0.246578
0.590279 -0.369864
0.688800 -0.352527
0.708372 -0.246578
0.788835 -0.287673
0.810744 -0.493150
0.910815 0.164388
0.988495 -0.424444
1.011806 -0.328769
1.189126 -0.287673
1.211872 -0.575339
1.309100 -0.246578
1.390644 -0.218966
1.414190 -0.575339
1.508649 0.000000
1.604681 -0.274189
1.619712 -0.493150
1.703985 -0.328769
1.719747 -0.657528
1.805748 -0.493150
1.821542 -0.410960
1.899915 -0.305011
1.918670 -0.821903
2.004118 -0.177870
2.018948 -0.410960
2.123883 -0.246578
2.199277 -0.479665
2.219782 -0.164386
2.398938 -0.218966
2.419282 -0.575339
2.499244 -0.328769
2.519544 -0.410960
2.594557 -0.150901
2.613197 -0.410960
2.713600 -0.246578
2.793538 -0.383349
2.813470 -0.082193
2.915558 -0.246578
3.014474 -0.410960
3.103262 -0.270336
3.125415 -0.493150
3.203813 -0.438570
3.226221 -0.082193
3.304010 -0.387201
3.323965 -0.575339
3.404543 -0.177870
3.522658 -0.410960
3.609654 -0.287673
3.631043 -0.246578
3.805232 -0.397475
3.823933 0.246584
3.924247 -0.164386
4.005627 -0.328769
4.022775 -0.328769
4.114671 -0.199703
4.136174 -0.246578
4.216142 -0.410960
4.334266 -0.246578
4.516037 -0.305011
4.534466 -0.410960
4.617998 -0.328769
4.634639 -0.328769
4.715735 -0.235020
4.734399 -0.082193
4.813663 -0.246578
4.834569 -0.246578
4.916035 -0.093752
4.934794 -0.328769
5.016257 -0.260062
5.035038 -0.328769
5.122112 0.164388
5.215790 -0.177870
5.235314 -0.164386
5.335074 0.410976
5.416815 -0.054582
5.436391 -0.657528
5.515859 -0.188144
5.536347 0.246584
5.622533 -0.136774
5.716683 -0.222819
5.735167 0.082194
5.815511 -0.177870
5.835555 -0.082193
5.916657 -0.199703
6.036441 -0.246578
6.125660 -0.352527
6.146076 -0.410960
6.229217 -0.493150
6.329644 -0.035317
6.344721 -0.164386
6.407538 -0.218966
6.447121 -0.410960
6.547378 -0.328769
6.629728 -0.233093
6.645029 -0.328769
6.726965 -0.093752
6.745946 -0.328769
6.936011 -0.328769
7.017252 -0.274189
7.036176 -0.657528
7.336678 -0.493150
7.429042 -0.218966
7.446527 -0.410960
7.529785 -0.117510
7.546789 0.000000
7.632554 -0.191997
7.647935 -0.246578
7.727161 -0.129069
7.748222 -0.164386
7.830144 -0.164386
7.851913 -0.410960
8.019723 -0.191997
8.038786 -0.493150
8.139771 -0.410960
8.220042 -0.301158
8.239665 -0.328769
8.338649 -0.164386
8.419710 -0.218966
8.444409 -0.657528
8.539645 -0.082193
8.638805 -0.246578
8.740297 -0.246578
8.821731 -0.123290
8.843964 -0.164386
9.021784 -0.287673
9.060048 -0.082193
9.141647 -0.082193
9.261791 -0.410960
9.359732 -0.246578
9.455637 0.000000
9.536712 -0.317211
9.557995 0.082194
9.636684 -0.274189
9.739318 -0.058434
9.838119 -0.424444
9.859363 -0.657528
9.935975 -0.352527
9.959501 -0.246578
10.036739 -0.301158
10.058298 -0.493150
10.154681 -0.575339
10.234732 -0.328769
10.354731 -0.246578
10.435307 -0.218966
10.454690 -0.657528
10.557717 -0.246578
10.636671 0.000000
10.658719 0.000000
10.756797 -0.082193
10.834790 -0.301158
10.956241 -0.246578
11.034552 -0.054582
11.156723 0.246584
11.235217 -0.205482
11.256985 0.000000
11.357289 0.082194
11.436232 -0.164386
11.459713 -0.246578
11.635268 -0.383349
11.678018 -0.328769
11.746093 -0.199703
11.845432 -0.233093
11.865688 -0.410960
11.967622 -0.246578
12.049319 -0.301158
12.150542 -0.281894
12.174071 -0.246578
12.245425 -0.328769
12.267963 -0.246578
12.350078 -0.258136
12.367081 -0.410960
12.445801 -0.246578
12.466159 0.000000
12.570402 0.000000
12.645728 -0.233093
12.678374 -0.493150
12.756955 -0.340327
12.778830 -0.328769
12.838799 -0.191997
12.961467 -0.258136
12.979184 -0.493150
13.063072 -0.260062
13.080768 -0.410960
13.161714 -0.340327
13.187553 -0.246578
13.250388 -0.233093
13.269993 0.000000
13.370516 -0.328769
13.470244 -0.246578
13.570822 -0.164386
13.650247 -0.287673
13.670370 -0.328769
13.760897 -0.140627
13.778128 -0.082193
13.859814 -0.164386
13.880138 0.164388
13.961648 -0.199703
13.982026 -0.246578
14.059781 -0.246578
14.078168 -0.410960
14.161161 -0.140627
14.178173 -0.082193
14.260950 -0.218966
14.278697 -0.246578
14.358429 -0.235020
14.380042 -0.082193
14.461046 -0.287673
14.481093 -0.328769
14.582294 -0.082193
14.660084 -0.136774
14.681374 -0.246578
14.760955 -0.246578
14.779041 -0.410960
14.862554 -0.233093
14.961788 -0.340327
14.979322 0.000000
15.061640 -0.424444
15.161367 -0.164386
15.180046 -0.328769
15.261892 -0.246578
15.279220 -0.493150
15.463719 -0.218966
15.578292 -0.493150
15.658858 -0.260062
15.681272 -0.739716
15.777744 0.164388
15.874366 -0.328769
15.976038 -0.164386
16.059653 -0.109805
16.078871 -0.328769
16.174775 -0.246578
16.256189 -0.260062
16.277677 -0.328769
16.374543 -0.199703
16.397773 -0.246578
16.578783 -0.082193
16.696582 -0.328769
16.789719 -0.328769
16.870333 -0.164386
16.890078 -0.246578
16.972131 -0.317211
17.071922 -0.342253
17.092723 -0.246578
17.190119 -0.082193
17.289307 -0.575339
17.389359 -0.328769
17.473485 -0.177870
17.489865 -0.328769
17.590399 -0.164386
17.669135 -0.246578
17.687497 -0.328769
17.784773 -0.575339
17.885007 -0.246578
17.987867 -0.493150
18.068113 -0.342253
18.106422 -0.164386
18.190262 -0.164386
18.277870 -0.246578
18.295115 -0.328769
18.394066 -0.164386
18.479159 -0.109805
18.594317 -0.493150
18.675100 -0.328769
18.694364 0.000000
18.795849 -0.493150
18.874453 -0.315285
18.996237 -0.164386
19.076777 -0.246578
19.095840 -0.164386
19.275991 -0.356380
19.297198 -0.493150
19.394939 -0.246578
19.476294 -0.369864
19.494552 -0.164386
19.594881 -0.246578
19.697634 -0.328769
19.788908 -0.481592
19.809089 -0.493150
19.889133 -0.205482
19.909134 -0.739716
19.988541 -0.340327
20.008543 -0.082193
20.087350 -0.205482
20.278162 -0.164386
20.308561 -0.739716
20.389019 -0.175944
20.409046 -0.575339
20.609428 -0.328769
20.689426 -0.177870
20.711793 0.082194
20.882758 -0.424444
20.904462 -0.328769
21.003047 -0.082193
21.085930 -0.452055
21.103099 -0.739716
21.202752 -0.246578
21.286087 -0.356380
21.306189 0.082194
21.405828 -0.246578
21.481907 -0.260062
21.502907 -0.493150
21.603683 -0.575339
21.705606 -0.328769
21.803075 -0.246578
21.884393 -0.356380
21.923083 -0.328769
22.002804 -0.328769
22.102959 -0.164386
22.202928 -0.270336
22.224622 -0.410960
22.316593 -0.410960
22.398693 -0.364085
22.418300 -0.739716
22.495936 -0.424444
22.517927 -0.246578
22.617783 0.000000
22.696696 -0.328769
22.717241 -0.328769
22.819780 -0.657528
22.895897 -0.328769
22.918778 -0.246578
23.018781 -0.082193
23.119179 -0.246578
23.217436 -0.575339
23.312649 -0.246578
23.411431 -0.575339
23.493227 -0.301158
23.514327 0.000000
23.614334 -0.246578
23.697488 -0.452055
23.733716 -0.575339
23.814848 -0.328769
23.896632 -0.438570
23.913962 -0.493150
24.033169 -0.164386
24.113585 -0.356380
24.133716 0.082194
24.213188 -0.364085
24.318041 -0.246578
24.415953 -0.422518
24.515961 -0.260062
24.531913 -0.493150
24.612235 -0.352527
24.633170 -0.493150
24.715489 -0.424444
24.731086 -0.164386
24.905269 -0.356380
24.930182 -0.246578
25.105027 -0.424444
25.128327 -0.164386
25.230895 -0.328769
25.309617 -0.301158
25.428366 -0.493150
25.505779 -0.369864
25.528152 -0.739716
25.628551 -0.246578
25.725515 -0.493150
25.836071 -0.082193
25.920020 -0.246578
25.937959 0.246584
26.019071 -0.117510
26.039126 -0.821903
26.118788 -0.287673
26.138010 -0.328769
26.216752 -0.222819
26.239363 -0.657528
26.321250 -0.547729
26.343138 -0.246578
26.422043 -0.281894
26.438307 -0.164386
26.519230 -0.383349
26.538359 -0.493150
26.636105 -0.328769
26.720095 -0.479665
26.830952 -0.469392
26.848406 -0.246578
26.910782 -0.383349
26.931073 -0.410960
27.030832 -0.739716
27.110875 -0.054582
27.231721 -0.493150
27.330990 -0.424444
27.354038 -0.493150
27.431443 -0.575339
27.528657 -0.424444
27.550294 -0.164386
27.630605 -0.305011
27.650169 -0.164386
27.729350 -0.479665
27.751774 -0.246578
27.828086 -0.258136
27.860344 -0.493150
27.921555 -0.520760
27.942786 -0.410960
28.122116 -0.274189
28.140570 -0.575339
28.342181 -0.575339
28.440748 -0.410960
28.523044 -0.274189
28.540842 -0.739716
28.641153 -0.164386
28.740043 -0.410960
28.840094 0.246584
28.918521 -0.342253
28.941085 -0.164386
29.040094 -0.164386
29.141187 -0.383349
29.162920 -0.493150
29.260948 -0.410960
29.340443 -0.493150
29.438690 -0.305011
29.538147 -0.177870
29.640474 -0.152828
29.760116 -0.657528
29.838345 -0.340327
29.860433 -0.082193
29.932120 -0.164386
29.954486 -0.657528
30.036013 -0.328769
30.133886 -0.315285
30.157329 0.000000
30.236012 -0.246578
30.255269 -0.082193
30.332142 -0.233093
30.354283 -0.410960
30.452535 -0.410960
30.532422 -0.218966
30.554306 -0.904090
30.653548 -0.082193
30.732203 -0.410960
30.752231 -0.328769
30.853759 -0.246578
30.934758 -0.424444
30.952469 -0.904090
31.136216 -0.383349
31.152769 -0.164386
31.252728 0.000000
31.332905 -0.356380
31.464025 -0.164386
31.654373 -0.657528
31.742711 -0.369864
31.756219 -0.164386
31.854930 -0.222819
31.949408 -0.287673
31.969220 -0.082193
32.050705 -0.305011
32.071051 -0.164386
32.150191 -0.465539
32.171295 -0.575339
32.246834 -0.457834
32.270639 -0.328769
32.349309 -0.383349
32.366897 -0.164386
32.449538 -0.352527
32.549788 -0.397475
32.570583 -0.739716
32.668261 -0.493150
32.749105 -0.369864
32.769429 -0.493150
32.847808 -0.281894
32.868006 -0.246578
32.940602 -0.383349
32.964174 -0.082193
33.063329 -0.493150
33.140320 -0.287673
33.163201 0.246584
33.260325 -0.410960
33.281231 -0.164386
33.360562 -0.328769
33.460647 -0.246578
33.560789 0.328779
33.658136 -0.328769
33.680651 -0.328769
33.761059 -0.260062
33.780295 -0.739716
33.860371 -0.387201
33.944564 -0.410960
34.081095 -0.410960
34.161154 -0.410960
34.180536 -0.082193
34.280940 -0.410960
34.358694 -0.424444
34.380886 -0.246578
34.461287 -0.410960
34.561114 -0.301158
34.578387 -0.493150
34.660194 -0.235020
34.760936 -0.287673
34.781121 -0.246578
34.859256 -0.328769
34.879201 -0.575339
34.960860 -0.218966
34.979102 -0.575339
35.058553 -0.387201
35.079971 -0.246578
35.159558 -0.410960
35.178247 -0.328769
35.279214 -0.246578
35.358952 -0.410960
35.463710 -0.340327
35.478228 -0.328769
35.562105 -0.301158
35.581696 -0.904090
35.661425 -0.375643
35.680111 -0.410960
35.762948 -0.383349
35.779566 -0.410960
35.879920 -0.246578
35.959143 -0.218966
35.979765 -0.246578
36.081360 -0.739716
36.181278 -0.493150
36.279546 0.000000
36.362369 -0.424444
36.380311 -0.410960
36.558748 -0.342253
36.579943 0.328779
36.681735 -0.493150
36.760065 -0.342253
36.780134 -0.164386
36.879253 -0.328769
36.968458 -0.287673
36.979162 -0.164386
37.079506 -0.164386
37.159197 -0.164386
37.200302 -0.164386
37.280575 -0.164386
37.379311 -0.205482
37.474105 -0.270336
37.498273 -0.164386
37.575663 -0.233093
37.675269 -0.328769
37.697079 0.082194
37.775177 -0.191997
37.872669 -0.281894
37.896408 -0.575339
37.981145 -0.260062
38.075037 -0.305011
38.095619 -0.493150
38.195718 -0.328769
38.276925 -0.317211
38.295732 -0.328769
38.373389 -0.356380
38.396165 -0.821903
38.489321 -0.657528
38.571316 -0.410960
38.588928 -0.410960
38.769403 -0.218966
38.888473 -0.082193
38.970120 -0.410960
38.994965 -0.410960
39.088890 -0.410960
39.188218 -0.205482
39.208780 -0.410960
39.289945 -0.246578
39.388789 -0.383349
39.409177 -0.246578
39.504358 -0.410960
39.685566 -0.352527
39.785645 -0.342253
39.906646 -0.082193
39.986304 -0.218966
40.010728 -0.493150
40.088812 -0.199703
40.104958 -0.410960
40.188951 -0.123290
40.205834 -0.082193
40.285206 -0.175944
40.306457 -0.246578
40.385843 -0.150901
40.406137 -0.082193
40.485712 -0.117510
40.587955 -0.218966
40.609111 -0.082193
40.709038 0.000000
40.792685 -0.465539
40.905409 -0.246578
41.096085 -0.387201
41.115965 -0.164386
41.199725 -0.246578
41.318406 -0.246578
41.396720 -0.246578
41.495914 -0.340327
41.522175 -0.082193
41.596437 -0.383349
41.615789 -0.246578
41.696321 -0.317211
41.716937 0.000000
41.797634 -0.136774
41.819538 -0.739716
41.896584 -0.258136
41.917220 -0.082193
41.999941 -0.410960
42.024759 -0.493150
42.097772 -0.317211
42.116128 -0.164386
42.201514 -0.315285
42.222691 -0.493150
42.299817 -0.117510
42.319886 -0.164386
42.397481 -0.218966
42.419893 0.082194
42.498072 -0.281894
42.531801 -0.164386
42.589401 -0.218966
42.610571 -0.575339
42.710125 -0.410960
42.792011 -0.274189
42.910114 0.082194
43.009593 -0.164386
43.109444 -0.328769
43.192166 -0.233093
43.212642 -0.575339
43.310960 -0.164386
43.391420 -0.191997
43.409730 -0.410960
43.590987 -0.328769
43.613248 -0.739716
43.711081 -0.493150
43.831474 -0.164386
43.910949 -0.246578
43.930060 0.000000
44.009307 -0.246578
44.043894 -0.410960
44.103604 -0.258136
44.122092 -0.164386
44.201193 -0.260062
44.223883 -0.657528
44.320762 -0.575339
44.408562 -0.315285
44.423162 -0.082193
44.521801 -0.246578
44.624705 0.000000
44.724427 -0.246578
44.803420 -0.465539
44.823170 0.164388
44.911796 -0.364085
44.931923 -0.657528
45.013058 -0.218966
45.033552 -0.410960
45.111799 -0.469392
45.132150 -0.493150
45.329775 -0.082193
45.403722 -0.397475
45.423746 -0.328769
45.522599 -0.410960
45.603736 -0.356380
45.621411 -0.246578
45.723641 -0.246578
45.803980 -0.233093
45.822776 -0.082193
45.924091 -0.164386
46.003047 -0.356380
46.027118 -0.082193
46.123323 -0.575339
46.224131 -0.164386
46.325739 -0.082193
46.443378 -0.493150
46.526502 -0.410960
46.724255 -0.481592
46.744032 -0.575339
46.826348 -0.287673
46.842527 -0.410960
46.923721 -0.246578
46.943400 -0.082193
47.024326 -0.301158
47.043310 0.082194
47.127152 -0.399402
47.143653 0.000000
47.236608 -0.657528
47.336561 0.082194
47.417089 -0.233093
47.437550 -0.164386
47.520904 -0.164386
47.537450 0.246584
47.616753 -0.123290
47.637619 0.164388
47.736573 0.082194
47.817282 0.000000
47.837592 -0.328769
47.937741 0.082194
48.019306 -0.164386
48.038054 -0.328769
48.138182 0.082194
48.230670 -0.342253
48.250830 0.000000
48.329475 -0.328769
48.347528 -0.082193
48.430592 -0.082193
48.448563 -0.657528
48.528110 -0.129069
48.548367 -0.082193
48.627879 -0.520760
48.647283 -0.575339
48.731201 -0.222819
48.752269 -0.246578
48.830338 -0.465539
48.849777 -0.657528
48.929867 -0.235020
49.030904 -0.177870
49.047362 -0.493150
49.129142 -0.328769
49.150777 -0.493150
49.250726 -0.082193
49.331065 -0.352527
49.350938 -0.493150
49.433621 -0.328769
49.452452 -0.410960
49.533602 -0.317211
49.548583 -0.082193
49.629053 -0.342253
49.646950 -0.328769
49.739564 -0.164386
49.822873 -0.315285
49.858921 -0.082193
49.939665 -0.422518
49.959233 -0.246578
50.039664 -0.397475
50.139737 -0.164386
50.159169 -0.246578
50.239903 -0.315285
50.339621 -0.399402
50.359594 -0.246578
50.439543 -0.301158
50.458535 -0.246578
50.538702 -0.164386
50.558822 0.082194
50.639662 -0.383349
50.662671 -0.246578
50.749833 -0.246578
50.829733 -0.369864
50.850165 -0.657528
50.952668 -0.328769
51.033288 -0.164386
51.048659 -0.164386
51.149710 -0.164386
51.233154 -0.150901
51.253052 -0.328769
51.449762 -0.356380
51.473039 -0.246578
51.553040 -0.164386
51.648957 -0.301158
51.670489 0.000000
51.765912 -0.246578
51.839689 -0.136774
51.863212 -0.164386
51.965392 -0.164386
52.039446 -0.218966
52.064956 -0.164386
52.159832 -0.410960
52.239643 -0.397475
52.259686 -0.410960
52.363196 -0.082193
52.443951 -0.397475
52.561182 -0.246578
52.643055 -0.287673
52.659923 -0.575339
52.756554 -0.575339
52.956668 -0.352527
52.977808 0.082194
53.037919 -0.218966
53.057709 -0.328769
53.278492 -0.493150
53.356799 -0.164386
53.378601 -0.246578
53.456731 -0.356380
53.478494 -0.575339
53.557122 -0.481592
53.578833 -0.657528
53.656956 -0.287673
53.680800 -0.328769
53.762033 -0.481592
53.777155 -0.246578
53.859146 -0.233093
53.878139 -0.246578
53.960831 -0.469392
53.978621 0.000000
54.059862 -0.301158
54.078461 0.000000
54.161606 -0.246578
54.178177 -0.328769
54.278663 -0.493150
54.357672 -0.175944
54.377680 -0.328769
54.475085 -0.410960
54.575927 -0.328769
54.774175 0.000000
54.855913 -0.218966
54.875569 -0.493150
54.977538 -0.410960
55.075458 0.328779
55.171280 0.164388
55.250054 -0.342253
55.271641 -0.246578
55.371606 -0.246578
55.489409 0.000000
55.571759 -0.328769
55.653708 -0.274189
55.691766 -0.246578
55.769919 -0.317211
55.789550 -0.328769
55.871159 -0.356380
55.889503 -0.493150
55.970999 -0.246578
55.992666 -0.328769
56.071805 -0.274189
56.091767 -0.164386
56.192695 -0.328769
56.271461 -0.383349
56.291365 -0.164386
56.371352 -0.270336
56.391355 0.410976
56.471294 -0.233093
56.490592 -0.493150
56.571283 -0.387201
56.591448 -0.410960
56.658006 -0.274189
56.691102 -0.164386
56.771522 -0.305011
56.791643 -0.164386
56.871818 -0.342253
56.891775 0.082194
56.972793 -0.235020
56.993355 -0.082193
57.071629 -0.315285
57.089632 -0.082193
57.182869 -0.493150
57.264282 -0.301158
57.286787 -0.493150
57.383794 -0.328769
57.464281 -0.424444
57.484488 -0.164386
57.584633 -0.328769
57.683759 -0.287673
57.692552 -0.493150
57.785077 -0.575339
57.864387 -0.506634
57.883859 -0.164386
57.983698 -0.493150
58.085031 -0.246578
58.263734 -0.424444
58.384227 -0.493150
58.485035 -0.246578
58.585169 0.000000
58.680235 -0.191997
58.695694 -0.246578
58.778086 -0.188144
58.797661 -0.328769
58.879983 -0.383349
58.898117 -0.657528
58.997139 -0.082193
59.076031 -0.136774
59.097919 -0.493150
59.197797 -0.082193
59.278286 -0.191997
59.300144 -0.493150
59.398570 -0.082193
59.475698 -0.328769
59.497554 -0.575339
59.598654 0.000000
59.686702 -0.123290
59.698797 -0.164386
59.876294 -0.342253
59.896691 -0.082193
59.997552 0.000000
60.077883 -0.054582
60.098444 -0.657528
60.195742 -0.222819
60.213411 0.000000
60.294289 -0.082193
60.392966 -0.199703
60.414683 -0.164386
60.494434 -0.410960
60.595569 -0.410960
60.696528 -0.328769
60.814589 -0.328769
60.894251 -0.356380
60.913287 -0.164386
60.993438 -0.188144
61.014301 -0.410960
61.284920 -0.177870
61.311152 -0.575339
61.407059 -0.082193
61.490185 -0.205482
61.510470 -0.082193
61.607260 -0.164386
61.686586 -0.164386
61.714028 0.164388
61.806893 -0.575339
61.887792 -0.315285
61.907737 -0.328769
62.005643 -0.164386
62.085955 -0.383349
62.107201 -0.328769
62.303767 -0.287673
62.321009 -0.493150
62.400922 -0.364085
62.422203 -0.575339
62.500979 -0.356380
62.521606 -0.246578
62.621076 -0.493150
62.704412 -0.424444
62.727523 -0.410960
62.801455 -0.504708
62.821222 -0.493150
62.901637 -0.301158
62.920165 0.000000
63.120909 -0.575339
63.201178 -0.434718
63.233087 -0.493150
63.293758 -0.328769
63.315200 -0.493150
63.413940 -0.328769
63.515004 -0.493150
63.612387 -0.328769
63.693908 -0.438570
63.714660 -0.493150
63.815218 -0.164386
63.895924 -0.369864
63.916390 -0.246578
64.015419 -0.328769
64.093927 -0.315285
64.212814 -0.352527
64.234039 -0.328769
64.314675 -0.410960
64.517862 -0.082193
64.616692 -0.164386
64.714950 -0.301158
64.732744 -0.821903
64.813764 -0.434718
64.837150 -0.328769
64.913960 -0.342253
64.933280 -0.575339
65.012974 -0.293453
65.035672 -0.164386
65.113564 -0.246578
65.213799 -0.340327
65.232424 -0.246578
65.323982 -0.301158
65.335265 -0.410960
65.416156 -0.293453
65.433362 -0.164386
65.524374 -0.424444
65.532950 -0.410960
65.613368 -0.293453
65.635588 0.246584
65.715825 -0.205482
65.733187 0.082194
65.826820 -0.164386
66.027030 -0.082193
66.104951 -0.369864
66.127082 -0.328769
66.226849 -0.328769
66.315385 -0.410960
66.336881 -0.328769
66.417318 -0.222819
66.435906 -0.164386
66.515936 -0.274189
66.538800 -0.246578
66.619192 -0.246578
66.638065 -0.410960
66.715956 -0.301158
66.735253 -0.493150
66.827517 0.246584
66.907364 -0.397475
66.930953 -0.410960
67.029717 -0.164386
67.109718 -0.205482
67.133609 -0.164386
67.227463 -0.328769
67.247487 -0.246578
67.330084 -0.328769
67.348369 0.000000
67.449995 -0.739716
67.528736 -0.575339
67.549150 -0.164386
67.631562 -0.188144
67.646902 -0.410960
67.731808 -0.506634
67.749250 -0.328769
67.844038 0.000000
67.919352 -0.177870
68.039264 -0.328769
68.118991 -0.369864
68.140217 0.000000
68.238556 -0.575339
68.320960 -0.287673
68.340328 -0.164386
68.438663 -0.328769
68.521727 -0.465539
68.539477 -0.246578
68.640986 -0.246578
68.719759 -0.356380
68.741752 -0.164386
68.832121 -0.293453
68.853911 -0.657528
68.932128 -0.233093
68.956925 -0.164386
69.034591 -0.340327
69.052523 -0.164386
69.132540 -0.342253
69.150961 -0.164386
69.232577 -0.340327
69.253103 -0.164386
69.321804 -0.260062
69.361243 -0.082193
69.454569 -0.493150
69.552975 -0.493150
69.631668 -0.199703
69.653948 -0.328769
69.731147 -0.356380
69.842274 -0.410960
69.922159 -0.260062
70.042792 -0.328769
70.122300 -0.123290
70.245416 0.000000
70.362482 -0.410960
70.445368 -0.082193
70.542375 -0.260062
70.562467 -0.493150
70.643647 -0.340327
70.746820 -0.342253
70.763159 -0.328769
70.860192 0.082194
70.939236 -0.493150
70.958962 -0.246578
71.038963 -0.175944
71.057682 -0.164386
71.137539 -0.383349
71.158259 -0.410960
71.237937 -0.129069
71.259340 -0.082193
71.342246 -0.506634
71.357609 -0.246578
71.442137 -0.270336
71.459101 -0.328769
71.538764 -0.246578
71.558331 -0.328769
71.661373 -0.328769
71.740799 -0.218966
71.760799 -0.246578
71.851583 -0.410960
71.932066 -0.369864
71.955344 -0.328769
72.052244 -0.399402
72.134203 -0.479665
72.176005 -0.410960
72.256759 0.000000
72.356130 -0.328769
72.452218 -0.364085
72.474902 -0.575339
72.653610 -0.164386
72.674021 -0.164386
72.752669 -0.356380
72.775426 0.000000
72.863743 -0.410960
72.947841 -0.260062
72.964409 -0.493150
73.065317 0.246584
73.147807 -0.438570
73.165554 -0.328769
73.264437 -0.328769
73.348212 -0.205482
73.387792 -0.328769
73.468287 -0.575339
73.545418 -0.356380
73.566138 -0.328769
73.668594 -0.410960
73.748094 -0.328769
73.883017 0.082194
73.981602 -0.493150
74.061451 -0.281894
74.081947 -0.246578
74.161351 -0.191997
74.184881 -0.657528
74.384704 0.000000
74.462721 -0.235020
74.482967 -0.082193
74.562679 -0.054582
74.583135 -0.246578
74.662716 -0.117510
74.685267 -0.493150
74.761581 -0.109805
74.784195 -0.493150
74.863695 -0.023759
74.889101 -0.328769
74.962889 -0.123290
75.062192 -0.364085
75.080638 -0.164386
75.162221 -0.205482
75.262316 -0.481592
75.281765 -0.082193
75.397358 -0.410960
75.460526 -0.352527
75.559570 -0.205482
75.580492 -0.410960
75.681638 -0.575339
75.757343 -0.369864
75.781084 0.082194
75.883764 -0.164386
75.971061 -0.328769
75.989409 -0.493150
76.069306 -0.246578
76.172902 -0.657528
76.273029 -0.328769
76.289655 -0.246578
76.369973 -0.191997
76.472966 -0.293453
76.490313 -0.328769
76.570730 -0.246578
76.591149 -0.164386
76.672144 -0.188144
76.690127 -0.739716
76.771727 -0.150901
76.791644 -0.410960
76.890691 -0.246578
76.960345 -0.274189
76.983371 -0.410960
77.081947 -0.493150
77.161825 -0.260062
77.180770 -0.246578
77.280909 -0.246578
77.360679 -0.177870
77.381625 -0.082193
77.560203 -0.177870
77.764072 -0.233093
77.786595 -0.657528
77.886292 0.082194
77.976283 -0.177870
77.994238 -0.657528
78.076162 0.117512
78.091059 0.410976
78.172175 0.218971
78.292286 0.493173
78.371090 0.383363
78.474276 0.140629
78.491918 0.328779
78.571276 0.328779
78.691562 0.328779
78.771408 0.328779
78.792298 0.493173
78.971610 0.397490
78.993230 -0.164386
79.091933 0.246584
79.172162 0.164388
79.193229 -0.164386
79.297782 0.000000
79.393204 0.082194
79.492151 0.328779
79.571799 0.082194
79.590453 -0.164386
79.774248 0.260069
79.792641 0.082194
79.890310 0.211265
79.915045 0.082194
79.986981 -0.082193
80.007185 0.246584
80.086961 0.117512
80.186587 0.164388
80.206426 0.328779
80.287004 -0.246578
80.306977 0.082194
80.407424 0.000000
80.488459 -0.199703
80.507399 0.082194
80.585978 -0.287673
80.609834 -0.082193
80.687491 -0.117510
80.707852 0.164388
80.786617 -0.013485
80.808433 0.164388
80.887344 -0.258136
80.906990 -0.493150
80.986267 -0.301158
81.007097 -0.493150
81.088576 0.035318
81.105929 0.328779
81.206277 0.082194
81.306290 -0.493150
81.386572 -0.260062
81.405721 -0.410960
81.508983 -0.082193
81.589088 -0.328769
81.609040 -0.410960
81.707079 -0.575339
81.786211 -0.945183
81.807809 0.000000
81.907950 -0.328769
81.992802 -0.438570
82.006548 -0.410960
82.108368 -0.657528
82.208959 -0.410960
82.309248 -0.821903
82.387109 -0.410960
82.405802 -0.575339
82.498393 -0.446276
82.516063 -0.493150
82.596659 -0.534244
82.621239 -0.575339
82.698542 -0.645970
82.720667 -0.739716
82.795769 -0.644044
82.819716 -0.657528
82.896292 -0.551581
82.915907 0.000000
83.007111 -0.821903
83.189219 -0.685138
83.208738 -0.246578
83.310198 -0.575339
83.408933 -0.575339
83.506598 -0.798146
83.523947 -0.657528
83.605643 -0.342253
83.625775 -0.657528
83.706587 -0.528465
83.722591 -0.575339
83.806130 -0.780809
83.826949 -0.821903
83.905594 -0.728158
83.995980 -0.410960
84.017693 -0.739716
84.196781 -0.424444
84.216048 -0.164386
84.316741 -0.328769
84.396080 -0.233093
84.415791 -0.410960
84.514073 -0.340327
84.533393 -0.164386
84.596684 -0.287673
84.618303 -0.328769
84.714238 -0.070635
84.733655 0.000000
84.796651 -0.177870
84.816288 -0.246578
84.917167 0.000000
85.116549 0.493173
85.216952 0.397490
85.234303 0.246584
85.316855 0.457854
85.336403 0.246584
85.436320 0.410976
85.516444 0.364098
85.536587 -0.164386
85.616652 0.068709
85.638269 -0.410960
85.716731 -0.093752
85.733888 0.410976
85.817726 -0.013485
85.833334 0.164388
85.917829 -0.117510
85.936660 -0.082193
86.021851 -0.082193
86.114647 -0.188144
86.135169 -0.328769
86.216252 -0.027612
86.236293 0.000000
86.314076 -0.082193
86.334946 0.000000
86.415605 0.177873
86.433414 0.000000
86.531863 -0.493150
86.611130 -0.369864
86.631406 -0.575339
86.715152 -0.211261
86.733554 -0.657528
86.814845 -0.233093
86.835098 -0.821903
86.935315 0.246584
87.014639 -0.301158
87.035146 0.000000
87.132713 -0.493150
87.215157 -0.054582
87.230669 0.410976
87.334298 0.246584
87.412824 0.041097
87.431958 -0.246578
87.543931 -0.164386
87.626727 0.109806
87.645747 0.410976
87.728973 0.188148
87.750869 0.000000
87.824786 -0.424444
87.927838 -0.152828
87.946738 0.410976
88.024653 0.082194
88.049433 -0.821903
88.124694 -0.258136
88.144550 -0.410960
88.223982 -0.233093
88.248895 -0.821903
88.326299 -0.551581
88.346077 -1.150646
88.425802 -0.383349
88.526237 -0.516908
88.550198 0.000000
88.623919 -0.712106
88.746405 -0.739716
88.826958 -0.315285
88.845658 -0.246578
88.929283 -0.586897
88.946129 -0.410960
89.024551 -0.218966
89.054042 -0.410960
89.126801 -0.387201
89.144575 -0.821903
89.229291 -0.575339
89.246418 -1.068461
89.330217 -0.481592
89.344483 -0.493150
89.424469 -0.397475
89.446757 -0.328769
89.647178 -0.739716
89.747133 -0.246578
89.824421 -0.958667
89.845053 -1.068461
89.946080 -1.479379
90.026619 -0.479665
90.045792 -0.575339
90.137116 -0.704401
90.157547 -0.904090
90.255775 -0.739716
90.336531 -0.211261
90.436438 -0.328769
90.456216 -0.164386
90.556836 -0.821903
90.637653 -1.040852
90.654332 -0.821903
90.754364 -1.068461
90.835058 -0.808419
90.854775 -0.821903
90.937858 -0.704401
90.957789 -0.410960
91.150952 -1.315014
91.231560 -1.150646
91.253112 -1.397197
91.348155 -1.315014
91.433406 -1.123037
91.454189 -1.068461
91.631298 -1.027369
91.651138 -1.315014
91.750761 -1.232830
91.830768 -1.054978
91.853370 -0.986276
91.950759 -1.150646
91.971179 -1.068461
92.146094 -0.352527
92.165264 -0.246578
92.245264 -0.602949
92.263923 -0.821903
92.344012 -0.610655
92.365268 -0.246578
92.443690 -0.383349
92.465547 -1.068461
92.545147 -1.033147
92.564109 -0.904090
92.662949 -0.410960
92.745037 -0.681285
92.765206 0.000000
92.841715 -0.082193
92.963111 -1.150646
93.043653 -1.438288
93.062684 -1.232830
93.163077 -0.986276
93.245900 -0.862997
93.263694 -0.821903
93.365751 -0.493150
93.445896 -0.479665
93.463150 -0.739716
93.656433 -0.931699
93.676804 -0.904090
93.754586 -0.751273
93.776461 -0.904090
93.856437 -0.465539
93.877547 -1.315014
93.954446 -1.150646
93.976632 -0.657528
94.057004 -0.767326
94.086424 -0.164386
94.156919 -0.399402
94.253777 -0.999760
94.276497 -1.561560
94.376765 -0.328769
94.555284 -1.185960
94.573764 -1.397197
94.674851 -0.246578
94.774497 -0.657528
94.854058 -0.849513
94.875042 -1.479379
94.976024 -0.657528
95.055800 -0.726232
95.074725 -0.575339
95.174672 -0.410960
95.254244 -0.424444
95.273901 0.246584
95.357359 -0.715958
95.375491 -0.904090
95.477869 0.000000
95.587940 0.739768
95.657658 -0.177870
95.679382 -0.164386
95.774279 -0.739716
95.876765 -0.410960
96.054266 -0.150901
96.079032 0.082194
96.167317 -0.610655
96.265722 -0.438570
96.289385 0.000000
96.365056 0.469413
96.391686 0.575371
96.466777 0.274196
96.489912 0.575371
96.564670 -0.011558
96.589556 0.821968
96.656137 1.178388
96.690819 1.644001
96.764770 1.127012
96.790027 1.808415
96.869673 1.137287
96.888547 0.410976
96.987817 0.821968
97.069634 0.260069
97.084996 0.739768
97.182666 0.986369
97.261212 0.999855
97.286734 1.397384
97.384411 1.150773
97.462817 0.561885
97.584872 0.246584
97.666814 0.136776
97.680774 0.986369
97.780652 -0.246578
97.862792 1.082057
97.981976 0.493173
98.061642 1.315180
98.082952 -0.328769
98.176468 1.256738
98.196099 0.904168
98.276671 1.602898
98.296873 1.150773
98.377014 1.127012
98.477043 0.383363
98.499683 0.739768
98.577727 1.315180
98.596289 1.890623
98.692995 1.945215
98.698259 1.644001
98.776721 1.503351
98.797287 0.739768
98.880276 0.808482
98.897104 -0.164386
98.976567 1.150773
98.996736 -0.082193
99.097554 0.575371
99.187385 1.068571
99.288810 2.055041
99.392285 1.068571
99.471939 1.096186
99.492749 1.890623
99.670980 0.506659
99.692859 0.082194
99.787430 0.798207
99.812974 0.821968
99.870541 0.876554
99.912018 0.739768
99.989753 -0.164386
100.072437 -0.205482
100.112336 -0.821903
100.194698 -0.082193
100.295662 -0.616433
100.307336 -0.904090
100.389755 -0.481592
100.414285 0.082194
100.490252 -0.082193
100.509941 -0.082193
100.591953 0.070635
100.608370 0.000000
100.704945 -0.739716
100.802749 -0.493150
100.882762 -0.095678
100.902879 -0.328769
101.002067 -0.246578
101.102898 -0.657528
101.209928 0.410976
101.294017 0.315294
101.303775 0.000000
101.401971 0.164388
101.483523 -0.547729
101.605592 -0.246578
101.684363 -0.424444
101.714236 -0.904090
101.795179 -0.516908
101.815222 -0.246578
101.895037 -0.013485
101.995825 0.023759
102.015856 -0.410960
102.094731 -0.287673
102.195946 -0.305011
102.219783 -0.739716
102.294797 -0.452055
102.314699 -0.821903
102.495181 -0.438570
102.514924 -0.739716
102.596132 -0.586897
102.616211 -1.068461
102.733631 -0.657528
102.817264 0.082194
103.005011 -0.657528
103.084942 -0.520760
103.198936 -0.117510
103.219994 0.082194
103.299083 -0.218966
103.316056 -0.246578
103.399155 0.152830
103.417197 0.164388
103.499429 1.287564
103.519216 1.479589
103.617070 -1.561560
103.697186 -1.397197
103.719766 -1.479379
103.816736 -0.328769
103.896907 0.534272
103.918028 0.164388
104.017807 -0.082193
104.097819 0.205486
104.119862 0.328779
104.220341 -0.410960
104.301182 -1.027369
104.316797 -1.808101
104.417557 -0.164386
104.498037 0.356392
104.518388 0.657569
104.618181 -0.493150
104.712058 -0.301158
104.733627 0.082194
104.813395 -0.129069
104.834753 -0.082193
104.894361 0.164388
104.931965 -0.821903
105.011412 -0.681285
105.034394 -0.657528
105.114334 -0.561855
105.131677 -0.410960
105.213115 -0.328769
105.311449 -0.082193
105.334458 0.328779
105.411128 -0.105952
105.431080 -1.150646
105.534390 -0.821903
105.614908 -0.950962
105.634305 0.000000
105.711036 -0.712106
105.731800 -0.164386
105.811911 -0.469392
105.833783 -0.410960
105.913781 -0.410960
105.934406 0.082194
106.012527 -0.645970
106.033560 -1.068461
106.111012 -0.986276
106.132722 -1.479379
106.212986 -0.704401
106.231381 0.493173
106.331192 0.246584
106.412043 -0.446276
106.512081 -0.794293
106.612378 -0.540023
106.704167 -0.849513
106.726371 0.000000
106.905762 -0.205482
106.925357 -0.904090
107.106986 0.041097
107.126194 -0.328769
107.325535 -0.712106
107.344785 -0.164386
107.444323 0.739768
107.524802 0.452074
107.628220 -0.235020
107.645237 -0.904090
107.709417 -0.644044
107.749404 -0.657528
107.830001 0.105953
107.926174 -0.506634
107.947604 -0.493150
108.024831 -0.504708
108.045200 0.821968
108.125184 -0.191997
108.149177 0.493173
108.227212 -0.293453
108.246730 -0.575339
108.347880 -0.739716
108.449381 -0.082193
108.526402 0.150903
108.546898 0.657569
108.626523 -0.293453
108.646628 -0.739716
108.717453 -0.136774
108.736779 -0.328769
108.838973 0.657569
108.922970 0.013485
108.937055 0.904168
109.037107 -0.493150
109.120558 -0.383349
109.237420 0.493173
109.318226 0.192001
109.337542 -0.246578
109.438367 0.082194
109.520500 0.136776
109.537728 -0.246578
109.638195 0.410976
109.730354 0.082194
109.831102 -0.270336
109.849916 -0.986276
109.930492 0.027612
109.951383 0.410976
110.030440 -0.152828
110.051328 -0.657528
110.137644 0.287681
110.151408 0.821968
110.240606 0.728209
110.251733 1.232976
110.331575 -0.465539
110.351900 -1.479379
110.451231 -1.315014
110.551387 0.246584
110.650159 -0.410960
110.730380 0.068709
110.848669 -0.082193
110.939514 -0.041097
110.950601 -2.794206
111.048607 -0.410960
111.128557 -0.287673
111.248313 0.986369
111.328584 -0.726232
111.449785 -0.164386
111.530324 -0.438570
111.554155 -0.904090
111.655237 -1.479379
111.752284 -0.986276
111.849672 -0.575339
111.934370 -0.410960
111.951566 -0.328769
112.054091 -0.575339
112.133056 -0.986276
112.250094 -0.575339
112.332063 -0.862997
112.351006 -1.150646
112.450466 -0.810346
112.472914 -1.315014
112.549706 -1.013885
112.574148 -0.986276
112.652056 -1.068461
112.751960 -1.150646
112.851053 -0.821903
112.872430 -1.643741
112.952402 -0.780809
112.972205 -1.561560
113.049321 -1.350327
113.071975 -2.054636
113.152090 -1.506987
113.169686 -1.315014
113.250143 -1.209074
113.269916 -1.397197
113.349143 -1.232830
113.372059 -0.821903
113.450258 -1.185960
113.471721 -0.410960
113.570909 -0.575339
113.650213 -0.962519
113.672414 -1.397197
113.751225 -1.164130
113.850581 -0.997833
113.952720 -1.273922
113.973611 -0.986276
114.050677 -1.126890
114.069317 -1.479379
114.157185 -1.232830
114.172209 -1.561560
114.274297 -0.986276
114.350650 -1.301531
114.374096 -1.643741
114.472060 -1.068461
114.551064 -1.328497
114.662306 -1.725922
114.743661 -1.506987
114.764558 -1.397197
114.864301 -1.725922
114.944389 -1.342622
114.964062 -1.397197
115.064067 -1.068461
115.274004 -1.561560
115.355981 -1.520470
115.375334 -1.479379
115.473678 -1.315014
115.556795 -1.506987
115.677817 -2.547689
115.751867 -1.548078
115.872569 -1.643741
115.973035 -2.218990
116.073843 -1.808101
116.154802 -1.630259
116.179779 -1.890280
116.274560 -2.136813
116.352149 -2.041154
116.373439 -0.986276
116.473959 -0.821903
116.552731 -1.369588
116.574756 -1.808101
116.676285 -1.808101
116.755376 -1.753529
116.794801 -1.972458
116.874576 -1.232830
116.973523 -1.397197
117.072993 -1.690610
117.093775 -1.808101
117.186758 -1.808101
117.292904 -1.315014
117.373142 -1.808101
117.393639 -0.328769
117.474402 -1.843413
117.494642 -0.493150
117.573129 -1.342622
117.593158 -0.410960
117.675946 -1.303457
117.694082 -2.054636
117.774416 -1.725922
117.795799 -3.040718
117.893713 -2.218990
117.974979 -1.246314
117.993219 -0.986276
118.074621 -1.197517
118.092140 -2.301165
118.174737 -1.410680
118.200716 -0.575339
118.274748 -0.739716
118.375681 -1.492862
118.392154 -1.232830
118.474068 -1.714365
118.575112 -0.821903
118.594805 -1.808101
118.704180 -1.972458
118.766580 -1.602651
118.786694 -2.383340
118.883731 -0.986276
118.969443 -1.356105
118.984067 -1.232830
119.089298 -1.561560
119.184703 -1.397197
119.286658 -0.986276
119.390469 -0.657528
119.486746 -1.561560
119.566552 -1.492862
119.611382 -1.725922
119.684665 -1.432509
119.718564 -1.725922
119.782345 -1.479379
119.799030 -1.397197
119.881679 -1.725922
119.978243 -1.684832
120.001269 -1.397197
120.103761 -0.246578
120.178400 -1.164130
120.203280 -1.315014
120.281231 -1.972458
120.304214 -2.712034
120.378427 -1.985941
120.399190 -1.561560
120.501312 -1.397197
120.578511 -1.712439
120.599486 -1.808101
120.792397 -1.890280
120.896773 -1.890280
120.974428 -1.808101
121.015671 -2.054636
121.091962 -1.749677
121.112817 -1.972458
121.191560 -1.684832
121.211793 -1.725922
121.294669 -2.218990
121.394439 -1.890280
121.412204 -1.808101
121.492222 -1.948704
121.512141 -2.054636
121.592351 -1.876798
121.612962 -1.890280
121.694646 -1.619986
121.796179 -1.725922
121.815772 -2.301165
121.892684 -2.160567
121.913731 -1.890280
121.992716 -2.000065
122.011860 -2.301165
122.092807 -1.996213
122.113279 -1.808101
122.212553 -1.725922
122.307336 -2.054636
122.385281 -1.890280
122.407931 -2.136813
122.505417 -2.465515
122.585431 -2.041154
122.610651 -1.972458
122.705872 -1.561560
122.789011 -1.602651
122.805644 -1.561560
122.987962 -1.739404
123.104028 -2.054636
123.188592 -1.808101
123.208819 -2.054636
123.304492 -1.714365
123.322161 -1.890280
123.511356 -2.136813
123.590737 -2.082243
123.610910 -1.890280
123.791402 -2.082243
123.820152 -1.808101
123.916190 -1.643741
123.990381 -1.767011
124.013698 -1.972458
124.111580 -1.315014
124.190452 -1.684832
124.211600 -1.315014
124.311062 -1.972458
124.391563 -1.849191
124.411755 -2.054636
124.511654 -1.725922
124.611584 -1.232830
124.711167 -1.831856
124.812163 -1.561560
124.912844 -1.479379
124.935597 -2.054636
124.994399 -1.794619
125.030270 -1.561560
125.110432 -1.596873
125.132547 -0.904090
125.208224 -1.684832
125.228982 -1.725922
125.308824 -1.361884
125.327242 -1.315014
125.407391 -1.081945
125.425549 -1.479379
125.506581 -1.714365
125.527600 -1.643741
125.605112 -1.602651
125.718016 -1.068461
125.797406 -1.451771
125.998721 -1.260439
126.019658 -1.315014
126.118344 -1.561560
126.220124 -1.589168
126.237316 -1.561560
126.320265 -1.984015
126.336926 -1.808101
126.417753 -1.890280
126.438483 -1.808101
126.539676 -1.725922
126.622130 -1.465896
126.639457 -1.643741
126.729440 -1.315014
126.809563 -1.287405
126.828461 -0.986276
126.933640 -1.808101
127.009638 -1.630259
127.029779 -1.725922
127.130883 -1.150646
127.220270 -1.369588
127.240180 -1.643741
127.324370 -1.714365
127.341142 -1.479379
127.423696 -1.657224
127.440326 -1.315014
127.523720 -1.596873
127.620201 -1.684832
127.640386 -1.972458
127.820670 -1.684832
127.839351 -1.561560
127.920640 -1.514691
128.039390 -2.136813
128.120674 -1.831856
128.140495 -1.725922
128.234479 -1.725922
128.334684 -2.136813
128.417783 -1.767011
128.436922 -1.561560
128.534584 -1.315014
128.615047 -1.958976
128.637744 -2.054636
128.742083 -1.808101
128.820517 -1.753529
128.834917 -1.643741
129.018033 -1.849191
129.038432 -1.808101
129.137897 -1.972458
129.223753 -1.712439
129.244572 -2.136813
129.324085 -2.019326
129.343799 -1.725922
129.444784 -1.972458
129.543915 -1.561560
129.623590 -1.767011
129.643804 -1.890280
129.944407 -1.315014
130.024858 -1.849191
130.043736 -1.972458
130.144379 -1.397197
130.243438 -1.972458
130.343408 -1.397197
130.424403 -2.013547
130.444925 -1.808101
130.544433 -1.397197
130.624414 -1.684832
130.644649 -1.725922
130.744441 -2.218990
130.832036 -2.000065
130.846571 -1.972458
130.945687 -1.479379
131.032217 -1.890280
131.044240 -2.383340
131.145424 -1.808101
131.234295 -1.767011
131.258591 -1.643741
131.355898 -2.054636
131.436194 -1.657224
131.555717 -2.054636
131.636911 -1.767011
131.657187 -1.643741
131.741312 -1.854969
131.756574 -1.890280
131.835793 -1.684832
131.855935 -1.725922
131.955439 -1.315014
132.035656 -1.630259
132.055566 -1.725922
132.242338 -1.410680
132.255551 -1.561560
132.357330 -1.315014
132.435044 -1.808101
132.456855 -2.054636
132.557113 -1.397197
132.653823 -1.479379
132.761875 -1.643741
132.834167 -1.465896
132.856049 -1.643741
132.956891 -1.315014
133.036821 -1.548078
133.058132 -1.808101
133.239289 -1.479379
133.257207 -1.561560
133.438416 -1.671349
133.456599 -1.315014
133.557801 -1.479379
133.636801 -1.698314
133.656006 -1.643741
133.837328 -1.520470
133.879743 -1.561560
133.957469 -1.725922
134.057048 -1.643741
134.158620 -1.550004
134.176706 -1.561560
134.279021 -1.972458
134.348964 -1.550004
134.371758 -1.232830
134.450547 -1.616134
134.473082 -1.972458
134.551746 -1.702166
134.572970 -1.808101
134.651044 -1.958976
134.671229 -1.972458
134.780789 -1.315014
134.850642 -1.890280
134.870122 -1.643741
134.971054 -1.561560
135.051542 -1.862673
135.172536 -2.301165
135.249128 -1.821584
135.288022 -1.890280
135.364750 -0.821903
135.444716 -1.780494
135.465794 -2.136813
135.565878 -1.890280
135.644790 -1.575043
135.666131 -2.218990
135.767313 -1.725922
135.845921 -2.054636
135.893037 -2.218990
135.964923 -1.819658
135.986418 -1.643741
136.087724 -1.972458
136.165233 -1.725922
136.188584 -1.643741
136.380023 -1.643741
136.458999 -1.767011
136.479402 -2.054636
136.560810 -1.467822
136.578067 -2.136813
136.658124 -1.849191
136.680705 -1.725922
136.780952 -2.383340
136.857787 -1.589168
136.879045 -1.725922
136.978685 -1.068461
137.059237 -2.232472
137.077781 -1.972458
137.177909 -1.479379
137.279059 -1.397197
137.379125 -2.136813
137.477522 -1.643741
137.668129 -1.944852
137.677604 -1.643741
137.779668 -1.972458
137.858050 -1.931369
137.881155 -1.643741
138.080805 -1.972458
138.257829 -1.492862
138.279455 -1.643741
138.375150 -1.537805
138.392351 -1.397197
138.471844 -1.410680
138.492066 -1.808101
138.591854 -1.315014
138.671862 -1.712439
138.692470 -1.808101
138.775114 -1.408754
138.796350 -1.315014
138.874802 -1.328497
138.891949 -1.232830
138.972628 -1.585316
138.991756 -1.725922
139.074709 -1.725922
139.092560 -1.315014
139.175221 -1.361884
139.195281 -1.397197
139.274639 -1.451771
139.294688 -1.315014
139.388939 -1.232830
139.472285 -1.410680
139.487713 -1.315014
139.587084 -1.150646
139.667660 -1.533953
139.689415 -1.315014
139.789183 -1.479379
139.870841 -1.643741
139.889040 -1.808101
139.990617 -1.150646
140.069163 -1.548078
140.088964 -1.972458
140.188909 -1.561560
140.270828 -1.643741
140.287953 -1.561560
140.482737 -1.616134
140.502255 -1.150646
140.581431 -1.819658
140.600396 -1.890280
140.680853 -1.985941
140.700790 -1.725922
140.879654 -1.917887
140.998679 -1.972458
141.081400 -1.944852
141.105413 -1.397197
141.214062 -1.890280
141.399512 -2.136813
141.479960 -2.054636
141.499788 -1.972458
141.601169 -1.972458
141.680233 -2.027030
141.700723 -1.808101
141.800860 -1.725922
141.876433 -2.000065
141.896678 -1.890280
141.997105 -2.218990
142.098024 -1.698314
142.115747 -1.808101
142.195113 -2.160567
142.216786 -2.054636
142.294551 -2.314647
142.315839 -2.136813
142.398633 -1.972458
142.415304 -1.561560
142.495117 -1.780494
142.594924 -2.254300
142.616945 -2.136813
142.694760 -2.013547
142.714677 -2.301165
142.795081 -2.078391
142.887320 -2.082243
142.907418 -2.054636
143.008084 -1.808101
143.105691 -1.808101
143.210858 -2.218990
143.288452 -2.041154
143.309437 -2.054636
143.407769 -2.136813
143.487852 -1.972458
143.505628 -1.479379
143.605685 -1.890280
143.687947 -2.095725
143.705979 -2.383340
143.901202 -1.903763
143.921386 -2.383340
144.002225 -1.866525
144.103000 -1.985941
144.120792 -2.054636
144.201798 -1.901837
144.219904 -1.725922
144.305828 -1.767011
144.319970 -2.465515
144.414928 -1.890280
144.498899 -1.903763
144.516227 -1.890280
144.618765 -1.972458
144.699088 -1.931369
144.718893 -2.218990
144.818321 -2.465515
144.898165 -1.958976
144.920977 -2.301165
145.019137 -2.054636
145.099249 -1.958976
145.118934 -1.725922
145.216140 -2.054636
145.298758 -1.985941
145.317496 -1.972458
145.419786 -2.218990
145.494664 -1.958976
145.515963 -2.136813
145.616949 -2.218990
145.698846 -1.944852
145.716408 -1.972458
145.815109 -1.725922
145.897296 -2.082243
145.925076 -1.972458
146.019281 -2.218990
146.100338 -1.985941
146.117927 -1.808101
146.301772 -1.958976
146.337217 -2.136813
146.429672 -1.972458
146.513173 -1.917887
146.531269 -1.972458
146.611098 -2.066192
146.630902 -1.808101
146.711139 -2.082243
146.731127 -1.972458
146.810400 -2.183679
146.913793 -2.082243
146.941096 -2.218990
147.023869 -2.301165
147.104722 -2.054636
147.121097 -1.972458
147.221392 -2.066192
147.243422 -2.218990
147.321897 -1.876798
147.343367 -1.890280
147.423282 -1.808101
147.524352 -1.890280
147.621619 -2.066192
147.704674 -2.150295
147.740953 -2.218990
147.824083 -1.984015
147.843828 -1.725922
147.920910 -2.082243
147.953641 -2.136813
148.033965 -1.808101
148.115804 -2.013547
148.133798 -2.136813
148.248564 -2.218990
148.435775 -2.218990
148.517824 -2.068118
148.637308 -2.301165
148.715424 -1.958976
148.742840 -1.808101
148.835953 -2.054636
148.917588 -1.958976
148.935427 -1.890280
149.035774 -1.890280
149.115462 -2.205508
149.135796 -2.301165
149.233706 -2.218990
149.313123 -2.136813
149.332526 -2.218990
149.429929 -1.937148
149.452385 -2.136813
149.533296 -2.136813
149.633192 -2.054636
149.729943 -1.903763
149.753019 -1.808101
149.835763 -2.030882
149.849924 -1.725922
149.935961 -1.944852
149.952560 -2.136813
150.035179 -2.043080
150.052827 -1.808101
150.132297 -2.109207
150.150322 -2.218990
150.243634 -1.643741
150.327988 -1.985941
150.347233 -1.890280
150.446554 -1.890280
150.526686 -1.958976
150.546648 -2.136813
150.646963 -1.890280
150.755794 -1.972458
150.835944 -1.996213
150.857200 -1.479379
150.935855 -1.903763
150.954711 -2.054636
151.055951 -1.890280
151.134044 -1.958976
151.249234 -1.890280
151.327482 -2.000065
151.349318 -1.643741
151.449438 -1.643741
151.537697 -1.917887
151.553363 -1.808101
151.649789 -1.972458
151.735035 -1.917887
151.747961 -1.808101
151.847913 -2.054636
151.928991 -2.027030
151.949083 -2.301165
152.048137 -1.725922
152.130130 -2.000065
152.151764 -2.054636
152.250169 -2.218990
152.327756 -1.972458
152.354010 -1.643741
152.447882 -1.643741
152.528376 -1.890280
152.550661 -1.808101
152.651681 -1.808101
152.749187 -2.136813
152.848291 -2.043080
152.867070 -2.054636
152.949670 -1.917887
152.970424 -1.643741
153.049822 -1.819658
153.067158 -1.890280
153.169076 -2.054636
153.247605 -1.878724
153.276948 -1.725922
153.348955 -1.985941
153.369763 -1.808101
153.451923 -2.183679
153.471364 -1.972458
153.549383 -2.000065
153.570359 -1.972458
153.647908 -1.890280
153.668964 -2.054636
153.748589 -2.095725
153.768964 -2.301165
153.848983 -1.808101
153.871452 -1.725922
153.948072 -1.808101
154.049428 -1.866525
154.072907 -2.218990
154.148220 -1.643741
154.169816 -2.054636
154.254138 -1.984015
154.269919 -1.890280
154.346201 -1.808101
154.368347 -1.643741
154.448376 -1.925591
154.475332 -2.547689
154.546417 -1.835708
154.568376 -1.808101
154.676964 -1.972458
154.765932 -2.383340
154.852338 -1.972458
154.865793 -1.725922
154.948760 -1.890280
154.972003 -1.808101
155.066095 -2.136813
155.146437 -1.944852
155.167099 -2.218990
155.265963 -1.479379
155.349069 -1.944852
155.366342 -2.054636
155.459320 -1.831856
155.479827 -2.054636
155.558813 -1.821584
155.577888 -1.890280
155.658913 -1.901837
155.677415 -1.808101
155.760875 -1.890280
155.777901 -1.643741
155.877764 -1.561560
155.979569 -2.054636
156.059174 -2.007769
156.077566 -1.725922
156.157315 -2.068118
156.176817 -1.725922
156.265189 -1.819658
156.281250 -2.054636
156.359694 -2.013547
156.382719 -1.725922
156.467154 -2.078391
156.477642 -1.725922
156.557419 -1.849191
156.581062 -2.054636
156.657811 -1.960902
156.761795 -1.931369
156.781063 -1.890280
156.978201 -1.972458
157.157667 -1.958976
157.180330 -1.890280
157.279255 -2.383340
157.358221 -1.944852
157.379559 -2.054636
157.477944 -1.808101
157.562299 -1.944852
157.578972 -1.972458
157.678222 -2.054636
157.760898 -2.041154
157.778041 -2.136813
157.879287 -1.643741
157.960123 -1.794619
157.978049 -2.383340
158.078998 -1.725922
158.164457 -2.164419
158.179150 -2.218990
158.278364 -2.054636
158.361182 -1.794619
158.378686 -2.054636
158.480662 -1.808101
158.561918 -1.972458
158.598414 -1.643741
158.676781 -2.030882
158.698427 -1.643741
158.780415 -1.725922
158.876409 -2.030882
158.980611 -1.890280
159.080190 -2.066192
159.096687 -2.218990
159.173447 -1.972458
159.193143 -1.972458
159.273060 -1.808101
159.293732 -1.808101
159.395203 -1.890280
159.475578 -2.019326
159.492985 -1.890280
159.575972 -2.027030
159.592944 -1.972458
159.693841 -1.808101
159.774126 -2.095725
159.794963 -1.972458
159.873468 -2.172123
159.893026 -1.561560
159.974257 -1.958976
160.002398 -2.301165
160.094584 -2.383340
160.182830 -2.177901
160.194720 -2.136813
160.293906 -1.808101
160.373634 -2.150295
160.575598 -2.013547
160.794071 -2.465515
160.895643 -2.218990
160.974358 -1.944852
160.994735 -2.136813
161.094691 -1.808101
161.182746 -1.985941
161.195197 -2.136813
161.292406 -1.808101
161.373719 -2.054636
161.494991 -1.725922
161.575655 -1.862673
161.594572 -2.136813
161.685803 -1.960902
161.693708 -2.136813
161.775769 -2.068118
161.895419 -2.054636
161.975060 -2.082243
162.014802 -1.890280
162.096186 -1.643741
162.184798 -1.890280
162.395592 -1.985941
162.403129 -2.136813
162.505232 -1.972458
162.582175 -1.944852
162.602889 -2.136813
162.689613 -1.914035
162.783075 -2.123331
162.801968 -1.890280
162.904727 -2.054636
162.984431 -2.123331
163.002688 -1.890280
163.101950 -2.301165
163.192312 -2.068118
163.214294 -1.972458
163.314757 -1.972458
163.392974 -2.041154
163.416336 -2.218990
163.494925 -2.007769
163.517088 -1.890280
163.595138 -2.082243
163.614298 -2.465515
163.704193 -2.054636
163.785223 -2.000065
163.806710 -1.890280
163.905079 -1.948704
163.925367 -1.808101
164.004328 -1.862673
164.028240 -2.136813
164.105354 -2.136813
164.210089 -1.972458
164.304477 -2.007769
164.325231 -2.054636
164.406771 -1.890280
164.507244 -1.890280
164.606685 -1.944852
164.714641 -1.808101
164.796705 -1.931369
164.820358 -2.218990
164.916300 -1.890280
164.995714 -1.917887
165.017282 -1.808101
165.198222 -1.931369
165.220777 -1.725922
165.314805 -1.972458
165.397342 -1.931369
165.415078 -2.218990
165.599229 -1.985941
165.618992 -1.890280
165.809728 -1.903763
165.830005 -1.890280
165.908596 -2.078391
165.932615 -1.561560
166.010285 -1.958976
166.028248 -2.383340
166.111698 -1.972458
166.129102 -1.890280
166.210260 -1.890280
166.237675 -2.136813
166.311942 -2.007769
166.328652 -1.890280
166.411363 -1.985941
166.430392 -1.972458
166.509593 -2.007769
166.527781 -1.643741
166.608999 -2.109207
166.710311 -2.113059
166.741269 -1.890280
166.804793 -1.972458
166.830617 -2.054636
166.925909 -1.808101
167.024902 -2.054636
167.120747 -1.561560
167.205625 -1.835708
167.223401 -1.643741
167.322738 -2.218990
167.404776 -1.862673
167.424650 -2.054636
167.524263 -2.383340
167.624386 -2.054636
167.724760 -1.643741
167.805132 -1.671349
167.840683 -1.972458
167.925626 -1.725922
168.020803 -1.917887
168.043292 -1.972458
168.123372 -1.972458
168.143112 -1.890280
168.222763 -2.041154
168.260380 -1.890280
168.319573 -1.984015
168.342287 -1.808101
168.420772 -1.985941
168.442304 -1.725922
168.540391 -1.890280
168.619580 -2.082243
168.639428 -2.136813
168.724113 -1.948704
168.739657 -2.218990
168.822294 -2.068118
168.840740 -1.725922
168.939795 -1.890280
169.042214 -2.054636
169.122303 -1.996213
169.225838 -1.958976
169.241321 -2.218990
169.323716 -1.960902
169.340605 -2.054636
169.420051 -2.109207
169.442746 -1.972458
169.521622 -1.984015
169.541659 -1.725922
169.622444 -1.876798
169.641431 -2.054636
169.722454 -2.078391
169.742674 -2.136813
169.821551 -1.985941
169.842702 -2.136813
169.941713 -2.054636
170.023802 -1.876798
170.043430 -2.054636
170.143268 -1.972458
170.221277 -2.068118
170.242407 -2.218990
170.424739 -2.068118
170.541345 -1.972458
170.643277 -2.054636
170.739710 -2.301165
170.821353 -1.849191
170.841349 -2.218990
170.942619 -1.725922
171.021755 -1.876798
171.042794 -1.890280
171.220905 -1.890280
171.242675 -2.054636
171.330400 -1.866525
171.352815 -2.465515
171.430595 -1.958976
171.453599 -2.054636
171.532819 -1.948704
171.631922 -1.821584
171.652764 -1.972458
171.733526 -1.972458
171.751836 -2.301165
171.831758 -2.123331
171.852886 -2.301165
171.933201 -1.937148
171.955546 -1.725922
172.032906 -2.082243
172.052734 -1.972458
172.154729 -1.808101
172.233426 -2.054636
172.252422 -2.465515
172.431098 -2.027030
172.452431 -2.383340
172.649940 -1.972458
172.754717 -2.136813
172.845563 -1.985941
172.946576 -1.960902
173.070817 -1.725922
173.150998 -1.960902
173.172879 -2.054636
173.246912 -1.931369
173.268466 -1.972458
173.349285 -2.019326
173.364412 -2.136813
173.466346 -2.218990
173.546620 -2.030882
173.572003 -2.301165
173.650151 -1.903763
173.666700 -1.808101
173.745736 -2.089947
173.765424 -1.643741
173.849705 -1.958976
173.869349 -2.136813
173.946669 -1.996213
173.964566 -1.890280
174.044208 -1.917887
174.065963 -2.136813
174.149249 -2.043080
174.245283 -1.876798
174.266399 -1.890280
174.440352 -2.164419
174.563064 -1.643741
174.642482 -2.041154
174.662580 -2.301165
174.762453 -1.890280
174.853051 -2.027030
174.952593 -2.043080
174.973130 -1.890280
175.051132 -1.890280
175.074368 -2.383340
175.152798 -2.054636
175.172954 -1.725922
175.251752 -2.068118
175.273387 -1.890280
175.354454 -2.030882
175.372348 -1.725922
175.452432 -1.985941
175.480706 -2.218990
175.551903 -1.972458
175.576305 -1.890280
175.671876 -2.136813
175.771763 -1.972458
175.852470 -1.985941
175.872996 -2.136813
175.954932 -1.937148
176.051205 -2.000065
176.073241 -2.136813
176.180673 -1.890280
176.251256 -1.958976
176.274061 -2.054636
176.365464 -1.972458
176.557805 -2.043080
176.576969 -1.890280
176.678703 -1.808101
176.758191 -1.925591
176.778941 -2.136813
176.875485 -1.808101
176.958174 -1.878724
176.975522 -2.218990
177.057798 -2.000065
177.077647 -1.808101
177.176038 -1.972458
177.256135 -1.972458
177.278740 -2.054636
177.377273 -2.054636
177.452915 -1.958976
177.472930 -1.890280
177.573927 -1.972458
177.590172 -1.808101
177.652003 -2.013547
177.689546 -1.479379
177.774818 -2.301165
177.853461 -1.944852
177.875817 -2.218990
177.971935 -1.948704
177.992618 -1.890280
178.088615 -1.972458
178.172949 -1.843413
178.190572 -2.054636
178.268767 -1.862673
178.289634 -1.643741
178.368784 -1.808101
178.389561 -2.136813
178.463983 -1.985941
178.487347 -2.301165
178.587234 -1.808101
178.665590 -2.041154
178.787411 -2.136813
178.885645 -2.218990
178.986898 -1.397197
179.063558 -1.890280
179.187272 -1.890280
179.387572 -1.643741
179.480000 -1.972458
179.497728 -2.136813
179.578555 -1.890280
179.597622 -1.972458
179.676558 -1.835708
179.700974 -2.547689
179.776974 -1.831856
179.797780 -2.136813
179.877928 -1.821584
179.978754 -1.972458
179.997902 -1.890280
180.076685 -1.985941
180.099821 -1.808101
180.175460 -2.054636
180.191979 -1.150646
180.286021 -1.794619
180.391977 -2.301165
180.475044 -1.876798
180.496400 -1.808101
180.591703 -1.972458
180.674952 -2.082243
180.692469 -2.054636
180.792589 -1.890280
180.877029 -2.013547
180.892268 -1.808101
180.993740 -2.218990
181.072884 -1.835708
181.092209 -2.054636
181.194932 -1.808101
181.275968 -1.972458
181.292725 -1.643741
181.392677 -1.890280
181.475313 -1.616134
181.595044 -2.301165
181.684905 -1.917887
181.706742 -1.561560
181.786367 -1.761233
181.805267 -1.972458
181.883204 -1.767011
181.906356 -2.136813
181.986877 -1.784346
182.003974 -1.890280
182.084629 -2.000065
182.183657 -1.972458
182.205334 -2.054636
182.283641 -1.862673
182.306492 -2.218990
182.406195 -1.890280
182.485912 -1.944852
182.506983 -1.561560
182.606183 -1.972458
182.696821 -1.725922
182.796803 -2.054636
182.813668 -1.397197
182.897274 -2.218990
182.997759 -2.030882
183.014858 -2.054636
183.093743 -1.849191
183.114498 -2.136813
183.199054 -1.831856
183.317325 -1.561560
183.393726 -1.914035
183.413951 -1.561560
183.494211 -1.821584
183.514474 -1.972458
183.614643 -2.218990
183.717647 -1.890280
183.814731 -2.054636
183.914433 -1.808101
183.994692 -1.772790
184.013639 -1.808101
184.098048 -1.739404
184.113796 -1.561560
184.200909 -1.655298
184.217866 -1.890280
184.314309 -1.808101
184.397329 -1.550004
184.418026 -2.054636
184.494194 -1.479379
184.518834 -1.479379
184.598384 -1.619986
184.614859 -1.397197
184.712791 -1.808101
184.812064 -1.561560
184.893080 -1.479379
184.912847 -1.972458
185.013895 -1.808101
185.092751 -1.657224
185.112030 -1.643741
185.223064 -1.808101
185.304578 -1.849191
185.400735 -1.843413
185.422758 -1.725922
185.501041 -1.917887
185.521802 -2.054636
185.603423 -2.007769
185.622415 -1.890280
185.702282 -1.835708
185.802058 -1.784346
185.820972 -1.890280
185.901174 -1.890280
185.923320 -2.054636
186.003529 -1.854969
186.022230 -1.643741
186.105132 -1.917887
186.122953 -2.383340
186.228794 -1.890280
186.303776 -1.767011
186.322325 -1.972458
186.422354 -2.054636
186.522355 -1.643741
186.623052 -1.808101
186.700146 -1.712439
186.812920 -1.843413
186.835779 -1.890280
186.913036 -1.698314
187.035205 -1.808101
187.113501 -1.739404
187.213326 -1.843413
187.240626 -1.643741
187.333309 -1.561560
187.413985 -1.514691
187.438192 -1.479379
187.613299 -1.303457
187.633716 -1.561560
187.711759 -1.397197
187.747384 -1.808101
187.829005 -1.315014
187.909612 -1.575043
187.930097 -1.397197
188.111405 -1.876798
188.133685 -1.479379
188.229843 -1.479379
188.332678 -1.561560
188.431158 -1.068461
188.510289 -1.287405
188.530116 -1.315014
188.631335 -0.821903
188.710969 -1.137163
188.728268 -1.397197
188.822143 -1.315014
188.840032 -1.315014
188.921762 -1.410680
188.940419 -1.643741
189.021035 -1.338770
189.040875 -1.232830
189.121032 -1.397197
189.141047 -1.397197
189.221930 -1.256587
189.237934 -1.232830
189.320679 -1.205222
189.420700 -1.350327
189.440563 -1.972458
189.518717 -1.424805
189.538739 -1.232830
189.639161 -1.232830
189.718191 -1.123037
189.738717 -1.479379
189.842935 -0.739716
189.918724 -1.164130
189.938567 -1.397197
190.040892 -1.397197
190.241808 -1.150646
190.318973 -1.137163
190.341648 -1.232830
190.441878 -0.904090
190.518684 -1.328497
190.918262 -1.575043
190.939642 -1.561560
191.039556 -1.479379
191.119726 -1.753529
191.141940 -1.561560
191.238212 -1.784346
191.333627 -1.643741
191.354819 -1.315014
191.436045 -1.619986
191.454902 -1.643741
191.536088 -1.520470
191.555139 -1.479379
191.656347 -1.808101
191.736552 -1.561560
191.752803 -2.054636
191.855074 -1.890280
191.952924 -1.315014
192.033263 -1.632185
192.052762 -1.643741
192.136056 -1.780494
192.156591 -2.054636
192.255165 -1.725922
192.326908 -1.890280
192.346145 -1.972458
192.446770 -1.479379
192.526063 -1.931369
192.546477 -1.808101
192.646945 -1.725922
192.749865 -2.054636
192.847282 -1.808101
192.948018 -2.301165
193.146581 -2.000065
193.165108 -2.136813
193.266431 -1.643741
193.334919 -1.780494
193.357581 -2.136813
193.457589 -2.054636
193.536330 -1.931369
193.657869 -1.890280
193.736802 -1.630259
193.856235 -2.054636
193.939419 -2.027030
193.958737 -2.054636
194.054990 -1.643741
194.135658 -1.643741
194.155655 -1.643741
194.255160 -1.561560
194.339539 -2.027030
194.355419 -2.136813
194.455878 -1.725922
194.558769 -2.218990
194.654936 -2.007769
194.676124 -2.054636
194.755796 -2.123331
194.774756 -2.054636
194.849088 -2.030882
194.868709 -1.643741
194.969018 -2.054636
195.049668 -1.925591
195.066148 -1.972458
195.150294 -1.903763
195.166301 -2.054636
195.268797 -1.561560
195.358749 -1.958976
195.378935 -1.643741
195.459072 -1.925591
195.479305 -1.808101
195.581360 -2.136813
195.659388 -1.901837
195.678225 -1.643741
195.780127 -1.643741
195.858193 -1.925591
195.980147 -1.643741
196.079714 -2.218990
196.158729 -1.944852
196.281075 -1.808101
196.349392 -1.985941
196.468907 -2.218990
196.569070 -1.808101
196.769667 -1.725922
196.952581 -1.835708
196.976309 -1.808101
197.072677 -1.972458
197.175491 -2.218990
197.276404 -1.808101
197.360176 -1.808101
197.381411 -2.054636
197.473074 -1.972458
197.679186 -1.890280
197.771242 -1.876798
197.789651 -1.808101
197.866320 -1.984015
197.884224 -1.561560
197.967914 -1.917887
197.988721 -1.890280
198.067139 -1.914035
198.086295 -1.725922
198.164989 -1.753529
198.187663 -2.054636
198.269762 -1.972458
198.283921 -1.643741
198.387317 -2.136813
198.466552 -1.819658
198.487130 -1.808101
198.564078 -1.821584
198.586383 -2.218990
198.666696 -1.808101
198.687655 -1.725922
198.764162 -1.917887
198.785431 -1.972458
198.878947 -1.479379
198.960557 -1.958976
199.079094 -1.972458
199.162228 -1.835708
199.364077 -1.808101
199.398921 -2.218990
199.479143 -1.866525
199.503667 -2.136813
199.598661 -1.808101
199.678847 -1.702166
199.699706 -1.972458
199.779733 -1.821584
199.799666 -1.725922
199.875829 -1.831856
199.895025 -2.218990
199.975406 -1.876798
200.085844 -1.737478
200.094158 -1.972458
200.175979 -1.794619
200.193861 -1.972458
200.285595 -2.007769
200.293341 -1.643741
200.386766 -1.903763
200.396570 -1.725922
200.499326 -1.561560
200.574579 -1.780494
200.599561 -1.808101
200.693369 -1.972458
200.773175 -1.808101
200.886739 -1.632185
200.976216 -1.862673
200.993565 -1.725922
201.096942 -2.054636
201.174497 -1.616134
201.297028 -1.315014
201.381737 -1.684832
201.394558 -2.054636
201.574302 -1.780494
201.594601 -1.397197
201.693961 -1.315014
201.774068 -1.671349
201.793795 -1.808101
201.888796 -1.690610
201.907722 -1.315014
202.007659 -1.725922
202.090361 -1.819658
202.107875 -1.561560
202.187600 -1.643741
202.207914 -1.725922
202.287545 -1.667497
202.308958 -1.232830
202.396416 -1.972458
202.490114 -1.831856
202.506911 -1.397197
202.590537 -2.000065
202.692570 -1.784346
202.788290 -1.931369
202.808571 -1.808101
202.904577 -1.972458
202.985736 -1.794619
203.006179 -1.643741
203.105075 -1.479379
203.205167 -1.561560
203.386931 -1.849191
203.409818 -1.808101
203.587558 -1.821584
203.705225 -1.561560
203.788030 -1.520470
203.806945 -1.808101
203.914291 -1.808101
203.984217 -1.657224
204.007214 -1.397197
204.105463 -1.643741
204.185310 -1.753529
204.305480 -1.479379
204.385648 -1.643741
204.417835 -1.561560
204.497361 -1.714365
204.522037 -1.479379
204.599565 -1.533953
204.619453 -1.972458
204.699719 -1.490936
204.722897 -1.561560
204.806713 -1.451771
204.822705 -1.150646
204.904715 -1.490936
204.929670 -1.397197
204.990240 -1.465896
205.009411 -1.150646
205.109953 -1.150646
205.190181 -1.356105
205.210236 -1.643741
205.309220 -1.643741
205.404708 -1.356105
205.506931 -1.467822
205.606745 -1.273922
205.627478 -0.986276
205.705872 -1.209074
205.806964 -1.273922
205.828728 -1.315014
205.925420 -1.479379
206.003842 -1.301531
206.024358 -1.643741
206.104062 -1.373441
206.126915 -0.986276
206.203881 -1.356105
206.223962 -1.725922
206.323699 -1.315014
206.410637 -1.451771
206.426917 -1.561560
206.526269 -1.725922
206.603942 -1.506987
206.624989 -1.479379
206.706629 -1.479379
206.803593 -1.479379
206.824920 -2.136813
206.924978 -1.479379
207.004245 -1.753529
207.025861 -1.315014
207.124068 -1.808101
207.205787 -1.602651
207.224166 -1.561560
207.427944 -1.890280
207.527906 -1.150646
207.603787 -1.438288
207.626445 -1.397197
207.724727 -1.479379
207.807233 -1.589168
207.826712 -1.479379
207.931334 -1.397197
208.025549 -1.972458
208.225386 -2.136813
208.324001 -1.232830
208.517523 -1.901837
208.539328 -2.054636
208.618053 -1.972458
208.638940 -1.808101
208.719458 -1.244387
208.738770 -1.315014
208.838807 -2.054636
208.918850 -2.348031
208.942753 -1.972458
209.020057 -1.589168
209.038797 -1.315014
209.121067 -0.810346
209.319194 -2.101503
209.339338 -1.972458
209.419671 -1.657224
209.446544 -1.397197
209.617901 -1.808101
209.839708 -1.890280
209.936312 -1.643741
210.017159 -1.808101
210.036932 -1.808101
210.136769 -1.150646
210.222576 -1.616134
210.238830 -1.808101
210.336566 -2.054636
210.422445 -1.767011
210.534303 -1.537805
210.617084 -1.808101
210.637759 -2.054636
210.837803 -1.808101
210.937214 -1.643741
210.962652 -2.054636
211.134434 -1.608429
211.237064 -1.725922
211.255967 -1.232830
211.334449 -1.585316
211.354836 -1.397197
211.436928 -1.712439
211.466245 -1.972458
211.627517 -1.548078
211.648090 -1.890280
211.744943 -1.643741
211.827428 -1.643741
211.947054 -1.479379
212.047446 -1.397197
212.147254 -1.890280
212.225416 -1.589168
212.348914 -1.972458
212.425464 -1.520470
212.448546 -1.397197
212.537952 -1.408754
212.561428 -1.643741
212.638643 -1.492862
212.661639 -1.890280
212.737939 -1.455623
212.838625 -1.492862
212.858485 -1.479379
212.962269 -1.808101
213.037922 -1.533953
213.058126 -1.725922
213.138584 -1.573117
213.158744 -1.479379
213.241799 -1.533953
213.258770 -1.890280
213.358570 -1.808101
213.457540 -1.561560
213.538789 -1.503135
213.639568 -1.506987
213.659278 -1.397197
213.740725 -1.632185
213.758342 -1.890280
213.838649 -1.575043
213.959533 -1.643741
214.049202 -1.671349
214.069634 -1.397197
214.151830 -1.550004
214.171555 -1.397197
214.249217 -1.630259
214.272640 -1.561560
214.349332 -1.585316
214.370964 -1.643741
214.454385 -1.492862
214.569433 -1.561560
214.649087 -1.492862
214.675999 -1.315014
214.749005 -1.561560
214.770046 -1.397197
214.869352 -1.643741
214.951661 -1.608429
215.049358 -1.630259
215.250422 -1.506987
215.272430 -1.561560
215.353826 -1.608429
215.370217 -1.315014
215.450687 -1.630259
215.471139 -1.561560
215.550975 -1.550004
215.571904 -1.643741
215.662427 -1.725922
215.764482 -1.150646
215.844819 -1.698314
215.865862 -1.561560
215.964055 -1.397197
216.045509 -1.616134
216.065054 -1.725922
216.166437 -1.479379
216.244668 -1.739404
216.264676 -1.643741
216.444660 -1.561560
216.865739 -1.643741
216.964888 -1.690610
217.084905 -1.397197
217.188769 -1.725922
217.254908 -1.684832
217.276445 -1.972458
217.455296 -1.684832
217.575829 -1.808101
217.655565 -1.862673
217.855740 -1.657224
217.875623 -1.561560
217.976547 -1.643741
218.056784 -1.575043
218.183031 -1.315014
218.274553 -1.397197
218.377409 -1.890280
218.576826 -1.808101
218.689550 -1.479379
218.772598 -1.619986
218.890531 -1.725922
218.971924 -1.619986
219.072621 -1.808101
219.172464 -1.573117
219.195720 -1.725922
219.268743 -1.725922
219.369298 -1.655298
219.391999 -1.643741
219.469298 -1.684832
219.497504 -1.643741
219.569177 -1.808101
219.589883 -1.561560
219.671405 -1.602651
219.707041 -1.479379
219.787045 -1.397197
219.887618 -0.986276
219.987410 -1.150646
220.065657 -1.630259
220.087641 -2.054636
220.187043 -1.561560
220.265730 -1.712439
220.287531 -1.808101
220.387633 -1.397197
220.486666 -1.808101
220.664764 -1.712439
220.784440 -1.655298
220.890612 -1.725922
221.068024 -1.698314
221.104597 -1.890280
221.190715 -1.561560
221.280404 -1.753529
221.304475 -2.301165
221.386353 -1.854969
221.482639 -1.835708
221.600603 -1.232830
221.682253 -1.684832
221.700545 -1.808101
221.784313 -1.772790
221.801189 -1.479379
221.882555 -1.643741
221.901944 -2.054636
221.982157 -1.667497
222.001132 -1.890280
222.081158 -1.739404
222.103085 -1.972458
222.282894 -1.712439
222.307793 -1.808101
222.400733 -1.972458
222.486651 -1.561560
222.500542 -1.561560
222.600861 -2.054636
222.686756 -1.657224
222.700667 -1.561560
222.803050 -1.397197
222.880058 -1.657224
222.900534 -1.479379
223.005628 -1.725922
223.084321 -1.698314
223.283071 -1.602651
223.303939 -1.643741
223.500083 -1.972458
223.682544 -1.657224
223.700239 -1.808101
223.796239 -1.608429
223.813037 -1.232830
223.891224 -1.561560
223.911675 -1.561560
223.992616 -1.725922
224.096593 -1.520470
224.213586 -1.397197
224.293990 -1.616134
224.318802 -1.479379
224.396924 -1.526248
224.414324 -1.561560
224.495130 -1.602651
224.598840 -1.761233
224.613784 -1.315014
224.824608 -1.397197
224.886542 -1.492862
224.922374 -1.315014
225.023120 -1.479379
225.104800 -1.561560
225.125214 -1.479379
225.203714 -1.526248
225.224760 -1.808101
225.302681 -1.589168
225.402703 -1.561560
225.422683 -1.315014
225.504730 -1.630259
225.605042 -1.608429
225.624666 -1.479379
225.702756 -1.506987
225.723422 -1.725922
225.817448 -2.136813
225.893994 -1.561560
226.017582 -1.643741
226.098190 -1.698314
226.215775 -1.725922
226.293750 -1.671349
226.316250 -1.232830
226.413682 -1.679053
226.434737 -1.725922
226.512200 -1.657224
226.533344 -1.561560
226.614051 -1.608429
226.637648 -1.561560
226.694785 -1.657224
226.734736 -1.808101
226.813728 -1.679053
226.833309 -1.397197
226.912817 -1.671349
227.013728 -1.808101
227.032854 -1.808101
227.113273 -1.684832
227.132217 -2.054636
227.214922 -1.772790
227.308823 -1.958976
227.412743 -1.702166
227.430191 -1.643741
227.511092 -1.589168
227.530291 -1.808101
227.609081 -1.690610
227.631750 -1.315014
227.810363 -1.585316
227.830148 -1.232830
227.910641 -1.849191
227.933642 -1.479379
228.030433 -1.808101
228.110450 -1.548078
228.232930 -1.725922
228.311653 -1.835708
228.429713 -1.397197
228.512895 -1.808101
228.530135 -1.561560
228.730298 -1.890280
228.824128 -1.761233
228.840808 -1.643741
228.921759 -1.671349
228.946345 -1.561560
229.023091 -1.714365
229.042691 -1.479379
229.121319 -1.794619
229.142679 -1.479379
229.223361 -1.585316
229.240017 -1.725922
229.320503 -1.712439
229.344189 -1.808101
229.420381 -1.526248
229.440198 -1.479379
229.524038 -1.533953
229.620569 -1.632185
229.644392 -1.643741
229.722692 -1.630259
229.821981 -1.749677
229.842801 -1.725922
229.924416 -1.739404
229.941097 -1.643741
230.023427 -1.643741
230.040751 -1.725922
230.120731 -1.657224
230.144185 -1.232830
230.224404 -1.537805
230.243337 -1.808101
230.317808 -1.616134
230.537415 -1.397197
230.634917 -1.725922
230.716801 -1.643741
230.734922 -1.643741
230.916314 -1.602651
231.057783 -1.561560
231.136321 -1.315014
231.240715 -1.890280
231.323969 -1.548078
231.357932 -1.561560
231.435433 -1.643741
231.536571 -1.561560
231.558213 -2.136813
231.634850 -1.702166
231.654888 -1.890280
231.735761 -1.533953
231.853274 -1.561560
231.933379 -1.643741
231.953538 -1.315014
232.033312 -1.526248
232.053291 -1.561560
232.136336 -1.533953
232.156019 -2.054636
232.233447 -1.585316
232.254863 -1.150646
232.340100 -1.616134
232.363005 -1.725922
232.434810 -1.608429
232.453282 -1.561560
232.537725 -1.548078
232.556201 -1.561560
232.655394 -1.397197
232.757945 -1.808101
232.849142 -1.561560
232.950766 -1.725922
233.050776 -1.643741
233.130820 -1.533953
233.150799 -2.054636
233.249628 -1.315014
233.329222 -1.533953
233.355685 -1.890280
233.450954 -1.890280
233.529496 -1.630259
233.552441 -1.808101
233.733633 -1.671349
233.750931 -1.479379
233.963365 -1.725922
234.042807 -1.725922
234.063571 -1.808101
234.140734 -1.630259
234.160194 -1.561560
234.244189 -1.655298
234.261438 -1.890280
234.341785 -1.602651
234.544658 -1.657224
234.563588 -1.643741
234.661652 -1.725922
234.741916 -1.684832
234.762084 -1.643741
234.860264 -1.232830
234.940916 -1.684832
234.960745 -1.397197
235.061830 -1.479379
235.140793 -1.671349
235.160596 -1.725922
235.261773 -1.561560
235.343806 -1.643741
235.460945 -1.972458
235.543810 -1.589168
235.563558 -1.725922
235.661907 -1.890280
235.743898 -1.753529
235.951568 -1.780494
235.974946 -1.315014
236.052899 -1.725922
236.073384 -1.725922
236.155583 -1.630259
236.174922 -1.643741
236.375399 -1.561560
236.466658 -1.725922
236.546643 -1.575043
236.566656 -1.561560
236.748078 -1.712439
236.866582 -1.561560
236.947935 -1.424805
236.967429 -1.315014
237.147418 -1.356105
237.188111 -1.397197
237.266444 -1.338770
237.286767 -1.315014
237.367099 -1.315014
237.387419 -1.561560
237.458984 -1.197517
237.479685 -1.479379
237.560221 -1.328497
237.579089 -1.561560
237.757856 -1.260439
237.778753 -1.397197
237.879071 -1.315014
237.967163 -1.150646
237.977827 -1.150646
238.078431 -1.315014
238.157405 -1.137163
238.177486 -1.397197
238.277612 -0.986276
238.378070 -0.821903
238.482257 -1.397197
238.560911 -1.054978
238.681343 -0.904090
238.759985 -0.945183
238.779015 -0.986276
238.879765 -1.232830
238.961681 -1.205222
238.980083 -1.561560
239.077714 -0.657528
239.158179 -1.137163
239.179676 -0.821903
239.278586 -1.232830
239.358570 -0.945183
239.379959 -1.479379
239.596941 -0.986276
239.677965 -1.361884
239.699008 -1.479379
239.778239 -1.191738
239.878261 -1.126890
239.897915 -0.575339
239.975756 -1.054978
239.997658 -1.397197
240.079041 -1.526248
240.097938 -0.986276
240.194298 -1.150646
240.296017 -0.575339
240.394493 -0.821903
240.482050 -0.751273
240.494957 -0.739716
240.576341 -0.698622
240.592675 -0.328769
240.678650 -0.434718
240.694307 -0.246578
240.781699 -0.479665
240.793588 -0.657528
240.879031 -0.610655
240.895078 -0.821903
240.986767 -0.410960
240.993987 -0.493150
241.094211 -0.493150
241.175721 -0.808419
241.198759 -0.575339
241.279538 -0.786588
241.378018 -0.808419
241.393218 -0.657528
241.491141 -1.315014
241.569533 -1.191738
241.590680 -1.232830
241.688889 -0.974719
241.707778 -0.821903
241.770930 -0.849513
241.808586 -0.821903
241.889406 -0.962519
241.910452 -1.068461
241.992826 -0.410960
242.087129 -0.645970
242.109333 -0.739716
242.291328 -0.633770
242.312638 -0.410960
242.390186 -0.301158
242.410566 -0.410960
242.497666 -0.328769
242.581087 -0.342253
242.597421 0.410976
242.805782 -0.246578
242.897967 -0.164386
242.982154 0.164388
243.001963 0.164388
243.101038 -0.082193
243.198044 0.328779
243.303490 0.821968
243.400902 0.739768
243.508384 0.904168
243.591539 0.397490
243.613630 -0.082193
243.711692 0.493173
243.790749 0.561885
243.911430 0.410976
243.988237 0.438589
244.014737 0.164388
244.111438 0.493173
244.188668 0.479687
244.391595 0.438589
244.408663 -0.082193
244.513946 0.493173
244.588074 0.095679
244.611837 0.164388
244.811552 0.493173
244.911246 -0.164386
244.991395 0.164388
245.023028 -0.493150
245.105789 -0.152828
245.126235 -0.246578
245.224064 0.246584
245.325757 0.328779
245.405764 0.685183
245.426938 0.164388
245.505915 0.422535
245.602840 -0.383349
245.625957 -0.575339
245.703847 0.011558
245.723194 -1.150646
245.822554 0.657569
245.902725 0.434736
245.923359 0.986369
246.033417 1.150773
246.113719 0.493173
246.214417 0.904168
246.321517 0.657569
246.393665 0.657569
246.413941 -0.164386
246.513396 0.340338
246.613884 -0.274189
246.633183 -0.082193
246.796761 0.342265
246.838835 -0.246578
247.013092 -0.027612
247.034676 -0.657528
247.115413 -0.140627
247.137078 0.000000
247.208422 -0.041097
247.228649 0.000000
247.310141 -0.375643
247.328514 -0.164386
247.407293 -0.301158
247.428472 -0.082193
247.526355 -0.493150
247.608283 -0.547729
247.721219 -0.082193
247.841384 -0.082193
247.919392 -0.504708
247.937703 -0.164386
248.017782 -0.862997
248.039444 -1.643741
248.119429 -1.221273
248.140136 -0.904090
248.220087 -0.890606
248.238815 -0.493150
248.338113 -0.575339
248.418950 -1.301531
248.438216 -0.986276
248.517139 -1.139089
248.538208 -0.904090
248.618312 -0.945183
248.642273 -1.479379
248.717250 -0.786588
248.739642 -0.904090
248.819664 -1.013885
248.841342 -0.657528
248.941032 -1.397197
249.018319 -0.958667
249.042282 -0.657528
249.121579 -0.986276
249.139725 -1.068461
249.218940 -1.081945
249.238651 -1.397197
249.418931 -1.315014
249.440005 -1.232830
249.520310 -1.420953
249.539666 -1.890280
249.619827 -1.602651
249.638777 -1.643741
249.732857 -1.479379
249.812783 -1.657224
249.832675 -1.725922
249.933312 -1.315014
250.013439 -1.479379
250.152897 -1.561560
250.221819 -1.492862
250.233168 -1.725922
250.416038 -1.328497
250.452594 -1.643741
250.536178 -1.479379
250.632264 -1.451771
250.651980 -1.808101
250.730481 -1.537805
250.753920 -1.315014
250.932277 -1.291258
250.949769 -1.561560
251.030157 -1.397197
251.050174 -1.808101
251.132676 -1.537805
251.150269 -1.397197
251.232565 -1.397197
251.252517 -1.479379
251.331673 -1.268144
251.350306 -1.232830
251.433283 -1.465896
251.454214 -1.068461
251.530575 -1.467822
251.553868 -1.561560
251.633661 -1.369588
251.652222 -1.232830
251.733377 -1.585316
251.750342 -1.479379
251.832947 -1.465896
251.850667 -1.643741
251.930995 -1.373441
251.950957 -1.479379
252.049441 -1.232830
252.150925 -1.068461
252.239685 -1.178255
252.255350 -1.561560
252.351280 -1.315014
252.431448 -1.424805
252.451366 -1.397197
252.549987 -1.561560
252.630262 -1.451771
252.651539 -1.725922
252.852701 -1.315014
253.030270 -1.342622
253.052744 -1.808101
253.152143 -1.150646
253.232428 -1.219347
253.350391 -1.150646
253.452571 -1.479379
253.550904 -1.725922
253.630322 -1.287405
253.651968 -0.986276
253.759929 -1.068461
253.841865 -1.410680
253.862039 -1.232830
253.941039 -1.291258
253.961242 -1.150646
254.041366 -1.273922
254.060919 -1.890280
254.141277 -1.397197
254.239731 -1.506987
254.266539 -1.479379
254.361325 -1.561560
254.441325 -1.479379
254.461426 -1.643741
254.559978 -1.561560
254.641735 -1.369588
254.659666 -1.643741
254.761384 -1.150646
254.841770 -1.356105
254.861298 -1.315014
254.959106 -1.232830
255.039394 -1.410680
255.056757 -1.397197
255.157262 -1.315014
255.236986 -1.232830
255.257661 -1.068461
255.357354 -1.150646
255.437409 -1.150646
255.458957 -1.068461
255.557381 -0.927847
255.659417 -0.986276
255.755656 -1.010033
255.781020 -1.397197
255.857445 -0.945183
255.877955 -1.068461
255.959761 -0.927847
255.976651 -0.986276
256.055326 -0.876480
256.076357 -1.068461
256.154277 -0.821903
256.177036 -0.739716
256.253933 -0.862997
256.275595 -0.739716
256.354187 -0.833461
256.376501 -0.410960
256.457271 -0.712106
256.478928 -0.904090
256.556972 -0.833461
256.578944 -0.904090
256.660793 -0.972792
256.675383 -0.821903
256.755713 -0.821903
256.778188 -1.150646
256.853749 -0.753200
256.875795 -0.904090
256.983640 -1.068461
257.055388 -0.972792
257.074821 -0.739716
257.251688 -0.835387
257.273872 -0.739716
257.371556 -0.657528
257.451275 -0.794293
257.471784 -0.410960
257.574156 -0.575339
257.650785 -0.534244
257.679782 -0.575339
257.771446 -0.821903
257.852015 -0.685138
257.877372 -0.986276
257.983099 -0.657528
258.050679 -0.685138
258.072544 -0.739716
258.181949 -0.821903
258.252043 -0.849513
