0.000000 0.000000
0.025027 0.096352
0.105111 0.131918
0.120127 0.179125
0.205217 0.041386
0.225238 0.096352
0.300321 0.001940
0.320339 0.344672
0.400434 0.082772
0.425460 0.096352
0.510550 0.261898
0.615661 -0.234733
0.715774 0.261898
0.810882 0.082772
0.835915 0.013580
0.910996 -0.021986
0.931021 0.510222
0.996091 0.082772
1.021118 -0.234733
1.111213 0.131918
1.136240 -0.069192
1.211319 0.027159
1.231340 -0.317502
1.311431 0.060786
1.331451 0.179125
1.416541 0.068546
1.436562 0.427447
1.526657 0.841331
1.606742 0.441027
1.631768 0.261898
1.706847 0.380239
1.731876 0.592998
1.806968 0.413867
1.831995 0.344672
1.912085 0.403520
1.932106 0.427447
2.012191 0.399640
2.032212 0.427447
2.112296 0.320745
2.127312 0.427447
2.207403 0.551610
2.227432 0.344672
2.332535 0.179125
2.412623 0.261898
2.427636 0.510222
2.542757 0.675775
2.622842 0.510222
2.722947 0.427447
2.818047 0.441027
2.838069 0.841331
2.918153 0.581358
2.933169 0.592998
3.018259 0.482415
3.038280 0.510222
3.118365 0.474655
3.138385 0.510222
3.218470 0.620806
3.238493 0.427447
3.328594 0.592998
3.408679 0.510222
3.428700 0.675775
3.528806 0.675775
3.608899 0.248318
3.628920 0.510222
3.729034 0.675775
3.809119 0.730744
3.829140 1.006889
3.929245 0.924109
4.009330 0.289705
4.029351 0.344672
4.129457 0.581358
4.144473 0.592998
4.224557 0.538030
4.244578 0.675775
4.324663 0.817402
4.344684 0.510222
4.424769 1.089669
4.444790 0.592998
4.529887 0.746912
4.544906 0.675775
4.625004 0.523803
4.645026 0.924109
4.730115 0.805762
4.745132 0.758553
4.820210 0.717164
4.840235 0.675775
4.940337 0.841331
5.020432 0.744972
5.040453 0.592998
5.140568 0.758553
5.220653 0.647967
5.235669 1.089669
5.330771 0.888540
5.350790 0.758553
5.430885 0.882720
5.450906 0.592998
5.530990 0.675775
5.551012 0.261898
5.631096 0.758553
5.651117 1.006889
5.726197 0.746912
5.746218 0.675775
5.826302 0.937690
5.851329 0.924109
5.926415 1.018530
5.946435 0.675775
6.026521 1.006889
6.046541 0.841331
6.126626 0.664135
6.146647 0.924109
6.226732 0.951918
6.251759 1.669147
6.346859 0.592998
6.426944 0.372479
6.446965 1.172449
6.547070 1.172449
6.632159 0.606579
6.647176 1.503579
6.747282 1.420795
6.822361 0.772133
6.842381 1.255231
6.947494 0.841331
7.027592 0.772133
7.047617 0.675775
7.147718 0.510222
7.222796 1.020470
7.242817 0.841331
7.347937 0.841331
7.428022 0.882720
7.448047 0.675775
7.548157 0.179125
7.628241 1.006889
7.648262 0.924109
7.748368 0.841331
7.843485 0.675775
7.863499 0.675775
7.943584 0.427447
7.968610 1.006889
8.043689 0.496642
8.068715 0.179125
8.143807 0.722984
8.163828 0.427447
8.248935 0.758553
8.263951 0.758553
8.349040 0.344672
8.444157 0.316865
8.469184 -0.234733
8.544263 0.415807
8.569289 -0.400271
8.649386 0.675775
8.669407 0.758553
8.749492 0.309105
8.764507 0.427447
8.859608 0.096352
8.959714 0.013580
9.039806 0.151318
9.059827 -0.483039
9.159935 -0.151963
9.240017 0.427447
9.260038 0.261898
9.360144 0.096352
9.440228 -0.096998
9.460250 -0.069192
9.560355 -0.565807
9.640441 -0.110577
9.660461 -0.234733
9.760574 -0.483039
9.840658 -0.055612
9.860680 -0.400271
9.960785 -0.317502
10.040870 -0.206927
10.055886 -0.151963
10.155991 0.427447
10.241081 -0.193348
10.261103 -0.234733
10.361208 -0.565807
10.441303 0.165545
10.461320 -0.069192
10.561436 0.427447
10.641520 -0.096998
10.661542 0.841331
10.761652 -0.234733
10.781674 -0.069192
10.866763 -0.814105
10.956859 -0.400271
10.976881 -0.483039
11.061980 -0.538002
11.077000 0.013580
11.162086 -0.447475
11.182107 -0.317502
11.262197 -0.538002
11.282218 -0.731340
11.372314 -0.814105
11.452405 -0.593611
11.472425 -1.310685
11.572531 -1.393446
11.657621 -0.703536
11.672637 -1.310685
11.772743 -0.483039
11.857833 -0.814105
11.877856 -1.062398
11.957939 -1.074037
11.972954 -0.234733
12.053040 -1.021016
12.073060 -0.400271
12.158159 -0.908509
12.173175 -0.400271
12.253258 -1.007438
12.273281 -1.227923
12.383397 -0.648574
12.468487 -0.869066
12.483503 -1.310685
12.563586 -1.145161
12.583612 -1.393446
12.663692 -1.186542
12.683713 -1.062398
12.763798 -1.121237
12.788826 -1.062398
12.863910 -1.145161
12.888932 -1.145161
12.964011 -1.133522
12.984031 -0.979634
13.064116 -1.227923
13.079132 -2.138265
13.164228 -1.180723
13.184251 -1.476206
13.264336 -1.517586
13.284357 -1.558966
13.364442 -1.310685
13.394474 -1.393446
13.459542 -1.324263
13.474558 -0.979634
13.574664 -1.310685
13.654749 -1.172964
13.674770 -1.145161
13.774876 -1.227923
13.854968 -1.282882
13.874982 -1.145161
13.975093 -1.145161
14.055185 -1.241501
14.095234 -0.979634
14.180324 -1.145161
14.280431 -1.476206
14.375545 -1.050759
14.395566 -0.565807
14.475652 -0.910449
14.495672 -0.896870
14.575756 -0.932433
14.595777 -1.062398
14.675862 -0.869066
14.695890 -0.896870
14.775976 -0.885231
14.796012 -1.145161
14.876096 -0.772723
14.896117 -0.896870
14.981206 -0.565807
15.061291 -0.896870
15.096329 -0.565807
15.176413 -0.825744
15.196441 -0.731340
15.276526 -0.814105
15.296557 -0.731340
15.381647 -0.755264
15.396663 -0.648574
15.476748 -0.744919
15.491764 -0.814105
15.571848 -0.719701
15.591876 -0.814105
15.671960 -0.634995
15.691990 -1.145161
15.777080 -0.755264
15.792096 -0.814105
15.877186 -0.786301
15.892202 -1.062398
15.987303 -0.731340
16.067388 -0.593611
16.087418 -0.896870
16.187535 -0.246372
16.207556 0.013580
16.267620 -0.455234
16.307663 -0.483039
16.387757 -0.577446
16.407778 -0.814105
16.487867 -0.524423
16.507884 -0.648574
16.587969 -0.151963
16.688085 -0.744919
16.708107 -0.648574
16.788191 -0.459114
16.808212 -0.069192
16.888297 -0.303923
16.908327 -0.151963
16.998427 -0.234733
17.078512 -0.303923
17.098539 -0.483039
17.198651 -0.731340
17.278736 -0.496618
17.298757 -0.565807
17.398863 0.179125
17.478947 -0.165542
17.498976 -0.400271
17.594079 0.013580
17.674164 -0.510844
17.699202 0.344672
17.799308 -0.151963
17.874390 -0.124157
17.899425 -0.648574
17.994526 0.096352
18.079616 0.124158
18.099637 -0.400271
18.199743 0.013580
18.279827 0.054966
18.294854 0.013580
18.394968 0.096352
18.490088 -0.069192
18.510117 -0.483039
18.590194 -0.057552
18.610215 -0.151963
18.690304 -0.041386
18.710325 -0.234733
18.790420 -0.080831
18.810441 0.179125
18.890536 -0.138383
18.910557 -0.069192
19.010665 0.592998
19.090748 -0.165542
19.110769 -0.234733
19.210875 0.510222
19.290960 0.261898
19.310981 1.006889
19.411093 -0.069192
19.491178 0.165545
19.511199 0.013580
19.611310 0.427447
19.691390 0.068546
19.711411 0.096352
19.811517 0.179125
19.891610 0.316865
19.911631 -0.317502
20.011737 0.510222
20.086826 0.303285
20.111852 0.013580
20.206954 1.006889
20.292043 0.068546
20.312064 1.006889
20.412170 -0.317502
20.492255 0.717164
20.512280 0.261898
20.612381 0.013580
20.692477 0.579418
20.712497 0.758553
20.812603 0.510222
20.892689 0.468835
20.912709 0.261898
21.012815 -0.317502
21.092904 0.703583
21.112921 0.179125
21.213027 0.675775
21.293127 0.758553
21.333168 0.592998
21.408247 0.841331
21.428274 1.089669
21.508353 0.427447
21.533380 0.510222
21.613468 0.628566
21.633486 0.675775
21.708566 1.061860
21.728587 0.261898
21.808671 1.065740
21.833698 1.006889
21.913797 0.772133
21.933818 1.006889
22.008898 0.865259
22.028920 0.841331
22.109004 0.565191
22.129025 2.414238
22.209110 1.148520
22.234136 2.165869
22.309216 1.006889
22.329237 2.414238
22.409334 1.078028
22.429359 1.255231
22.509447 1.310203
22.529469 1.089669
22.609570 1.290801
22.629587 1.751933
22.709688 0.730744
22.734715 0.841331
22.809794 0.865259
22.829815 0.510222
22.914908 1.200259
22.929921 1.420795
23.015020 1.255231
23.030036 1.338013
23.110122 1.213840
23.130142 0.427447
23.210238 1.030817
23.230259 1.006889
23.310354 0.744972
23.330376 0.675775
23.430495 0.758553
23.525595 1.420795
23.625701 0.841331
23.705787 1.186031
23.725806 1.172449
23.825912 1.006889
23.905998 1.158868
23.941039 1.420795
24.021120 0.865259
24.046145 0.675775
24.121244 0.510222
24.141262 1.172449
24.226352 0.971319
24.241368 0.924109
24.321453 1.076088
24.341474 1.172449
24.421573 1.054099
24.441594 1.420795
24.516674 1.144640
24.536695 1.917505
24.636801 1.089669
24.721902 0.799941
24.736918 0.510222
24.817020 0.900181
24.837042 0.758553
24.922132 0.910528
24.937153 0.841331
25.027254 0.982960
25.047275 1.172449
25.127376 0.592998
25.147397 0.675775
25.227482 0.581358
25.247503 0.758553
25.327602 0.758553
25.347628 0.924109
25.427708 0.651847
25.447729 1.006889
25.532819 0.510222
25.627920 0.805762
25.647941 0.675775
25.728040 0.399640
25.748058 0.841331
25.828154 0.545790
25.848176 0.261898
25.923267 0.565191
25.948294 1.338013
26.038389 0.427447
26.118492 0.827750
26.143526 1.420795
26.238619 0.924109
26.323709 0.869139
26.338725 0.758553
26.438831 1.338013
26.518916 0.744972
26.543942 0.261898
26.644059 0.096352
26.724133 0.496642
26.739150 0.592998
26.839257 0.096352
26.924345 0.496642
26.944366 0.592998
27.054483 0.924109
27.134568 0.592998
27.159594 0.510222
27.239679 0.510222
27.254695 0.592998
27.334779 0.579418
27.354801 0.592998
27.434886 0.486295
27.454907 0.344672
27.535002 0.455254
27.560029 0.096352
27.635108 0.179125
27.660135 0.179125
27.735224 0.634387
27.755245 -0.565807
27.835329 0.356312
27.860356 -0.317502
27.935436 0.109932
27.955457 0.344672
28.035550 -0.080831
28.055569 -0.151963
28.135654 -0.165542
28.155674 -0.069192
28.235759 -0.317502
28.255781 0.013580
28.335876 0.027159
28.355896 -0.317502
28.435982 -0.305863
28.461010 -0.896870
28.536088 0.096352
28.566119 -0.731340
28.646212 -0.140323
28.666233 0.179125
28.746318 -0.276118
28.766339 0.096352
28.846424 -0.033626
28.866445 -0.151963
28.946530 -0.538002
28.966551 -0.151963
29.046642 -0.341428
29.076674 -0.317502
29.136736 -0.648574
29.156759 -0.979634
29.256865 -0.896870
29.341954 -0.634995
29.356971 -0.648574
29.462081 -0.814105
29.537165 -0.648574
29.562193 -0.400271
29.657292 -0.234733
29.737377 -0.372466
29.762404 -0.317502
29.862516 -0.814105
29.942601 -0.759144
29.957626 -1.558966
30.057729 -1.310685
30.152840 -1.282882
30.172862 -1.145161
30.247941 -1.097960
30.272967 -1.062398
30.353052 -1.765862
30.368068 -1.724483
30.453167 -1.866076
30.473188 -2.965779
30.553273 -2.083310
30.568290 -2.634781
30.653379 -2.209382
30.673401 -2.634781
30.753486 -2.055510
30.773507 -2.138265
30.848586 -1.487844
30.868613 -1.807241
30.948692 -1.903575
30.973719 -1.807241
31.048798 -1.783319
31.068819 -2.800281
31.138894 -2.151842
31.158915 -2.221019
31.259030 -1.641725
31.344120 -1.655302
31.359136 -0.648574
31.464247 -0.400271
31.564353 -1.227923
31.659454 -2.386526
31.759560 -2.441479
31.779581 -2.883030
31.859666 -2.256577
31.879689 -1.393446
31.959772 -2.538454
31.979793 -2.552030
32.059878 -3.084082
32.079904 -3.296766
32.154979 -3.062102
32.175000 -4.124188
32.255085 -3.663296
32.275106 -3.545000
32.355207 -3.420884
32.370224 -3.214020
32.475344 -4.206927
32.550424 -2.979355
32.575450 -3.875969
32.670557 -3.379511
32.750642 -2.952203
32.770663 -3.793227
32.870770 -3.875969
32.950861 -4.069244
32.975888 -4.537875
33.070988 -4.455139
33.151081 -4.786079
33.176104 -3.296766
33.276210 -4.206927
33.351289 -4.193353
33.371322 -4.703345
33.471426 -3.875969
33.551520 -4.137763
33.571536 -4.372402
33.666643 -3.970344
33.686659 -4.537875
33.766744 -4.331034
33.786772 -4.703345
33.866857 -4.206927
33.886878 -4.206927
33.966963 -4.358828
33.986984 -4.620610
34.067069 -4.786079
34.087090 -4.951545
34.167175 -4.620610
34.187196 -4.786079
34.262284 -4.844897
34.287317 -4.455139
34.362397 -4.744712
34.382418 -4.206927
34.467508 -4.159740
34.482524 -3.793227
34.567614 -4.799652
34.587647 -4.537875
34.687742 -4.703345
34.767826 -4.799652
34.787848 -4.951545
34.887961 -4.372402
34.968045 -4.634184
34.988067 -4.868812
35.083167 -4.289665
35.158247 -4.813872
35.178270 -5.199739
35.283390 -5.117008
35.358477 -5.199739
35.398537 -4.537875
35.478622 -5.034277
35.558713 -4.992911
35.598757 -5.117008
35.688851 -4.868812
35.768936 -5.392990
35.788957 -5.696109
35.874048 -5.542289
35.889063 -5.117008
35.969148 -5.861561
35.989169 -5.696109
36.089286 -5.778835
36.169365 -5.875133
36.194401 -6.275178
36.289508 -5.861561
36.369593 -6.040582
36.394619 -5.365198
36.489720 -5.944286
36.569805 -5.792408
36.589826 -6.027010
36.684927 -5.696109
36.704948 -5.861561
36.785033 -5.902923
36.805054 -6.440621
36.885144 -5.979831
36.905160 -5.696109
36.985245 -6.192456
37.005266 -5.861561
37.090357 -6.440621
37.185457 -6.771498
37.205482 -7.019648
37.285563 -6.948564
37.305585 -7.019648
37.385670 -7.006078
37.405691 -6.936932
37.485785 -7.055190
37.500798 -6.854215
37.585900 -7.502362
37.610921 -7.764065
37.686009 -7.799605
37.706032 -7.433220
37.791126 -8.288098
37.806142 -8.508429
37.886226 -8.508429
37.906247 -8.343019
37.986342 -8.246745
38.011369 -9.087342
38.091459 -9.040177
38.106476 -9.500831
38.186571 -9.624875
38.206587 -9.583527
38.286672 -9.547994
38.306693 -9.500831
38.386778 -9.514399
38.406799 -9.004642
38.486884 -9.075712
38.501900 -8.177607
38.586998 -9.280521
38.607021 -8.508429
38.697120 -9.087342
38.782210 -8.094900
38.802239 -8.591133
38.897349 -9.748917
38.977434 -8.660267
38.997455 -7.019648
39.102575 -7.433220
39.177654 -9.032424
39.202693 -7.764065
39.297802 -7.350507
39.377887 -8.053546
39.417928 -6.936932
39.503031 -5.696109
39.578110 -7.818990
39.623158 -5.944286
39.698237 -7.740157
39.723264 -5.696109
39.798350 -7.309150
39.818366 -6.523341
39.898449 -7.457129
39.923476 -6.440621
39.998565 -7.364077
40.018588 -6.854215
40.098683 -7.598644
40.118704 -7.350507
40.193784 -8.012192
40.213805 -7.764065
40.293890 -8.083269
40.313911 -7.598644
40.394007 -7.667785
40.414027 -7.515932
40.514133 -7.102364
40.594218 -7.750496
40.614239 -8.508429
40.694331 -7.917853
40.714352 -7.764065
40.794444 -7.970838
40.814466 -8.260314
40.894550 -8.153700
40.914572 -7.681355
40.994657 -8.329451
41.014678 -8.673836
41.114784 -8.260314
41.204885 -8.094900
41.214894 -7.681355
41.314996 -8.508429
41.395081 -8.218961
41.415103 -8.260314
41.515209 -9.004642
41.595294 -8.067116
41.615318 -8.260314
41.715421 -8.425725
41.795509 -8.384372
41.815528 -8.260314
41.915634 -8.425725
41.990731 -8.246745
42.010741 -8.756538
42.115853 -8.591133
42.195943 -9.059560
42.220970 -9.087342
42.316070 -8.508429
42.396155 -8.976860
42.416178 -8.839240
42.516283 -8.425725
42.596368 -8.397941
42.616389 -8.508429
42.726505 -8.921941
42.801585 -8.604701
42.826614 -8.921941
42.926718 -8.508429
43.006803 -8.577564
43.026824 -8.673836
43.126930 -8.425725
43.207015 -8.536212
43.232043 -8.343019
43.327150 -7.929484
43.407243 -8.177607
43.422259 -9.004642
43.522374 -9.004642
43.607464 -8.784321
43.627485 -8.921941
43.737602 -8.921941
43.817687 -9.004642
43.837709 -9.418135
43.917793 -9.098971
43.937815 -9.335437
44.017899 -9.183609
44.037921 -8.839240
44.118013 -9.122877
44.143039 -9.418135
44.218119 -9.597094
44.248150 -9.418135
44.328234 -9.418135
44.408319 -9.514399
44.428342 -10.989257
44.528455 -10.493139
44.608547 -9.542179
44.628569 -9.335437
44.728681 -9.583527
44.803761 -10.382672
44.828787 -8.921941
44.928894 -10.493139
45.008978 -10.148814
45.029000 -10.162380
45.129106 -9.748917
45.209191 -10.038343
45.229212 -9.914304
45.319314 -9.973094
45.339335 -10.079689
45.419421 -10.190159
45.439441 -10.658514
45.539547 -10.493139
45.619633 -10.479573
45.634649 -10.658514
45.739760 -10.493139
45.819845 -10.630737
45.839866 -10.906573
45.939978 -11.568032
46.020070 -11.498917
46.040093 -11.402671
46.140209 -11.816069
46.220304 -11.802504
46.240325 -11.402671
46.340431 -11.237308
46.420516 -10.878795
46.440537 -10.906573
46.535637 -10.906573
46.615722 -11.154625
46.640749 -11.237308
46.735851 -10.906573
46.825954 -11.265084
46.845973 -11.650712
46.931063 -11.603559
46.951083 -12.064100
47.026171 -11.967859
47.051198 -12.394798
47.131282 -11.934272
47.151304 -11.319990
47.231391 -12.036326
47.246405 -12.146775
47.326492 -12.028575
47.351516 -12.146775
47.431601 -12.339898
47.446617 -12.642815
47.531712 -12.288226
47.546729 -11.981423
47.626813 -12.284351
47.651840 -12.394798
47.726920 -12.560143
47.751946 -12.725486
47.827034 -12.725486
47.842042 -12.808156
47.942148 -12.229450
48.022234 -12.546580
48.042254 -13.056163
48.147373 -12.642815
48.227465 -12.684150
48.242481 -13.056163
48.342587 -12.725486
48.422673 -12.890826
48.447700 -13.138831
48.547806 -13.056163
48.622885 -13.249269
48.642906 -12.808156
48.743012 -13.610928
48.763033 -14.378768
48.823097 -13.621261
48.863141 -13.552160
48.943225 -14.461425
49.043340 -13.497265
49.063361 -13.800149
49.143446 -13.375205
49.163469 -13.469495
49.243553 -13.125268
49.263574 -14.048132
49.343665 -13.705862
49.363686 -14.296110
49.443783 -14.075901
49.463804 -14.378768
49.543889 -13.634823
49.563912 -14.048132
49.643996 -13.800149
49.664018 -13.800149
49.744102 -13.693592
49.759118 -13.717486
49.834207 -13.813711
49.854226 -13.469495
49.954333 -14.213451
50.034424 -14.227013
50.054439 -13.965472
50.154551 -13.717486
50.234637 -14.144354
50.254658 -14.709393
50.354771 -14.213451
50.429850 -14.254781
50.454877 -15.122659
50.554983 -14.544082
50.635077 -14.309671
50.655098 -14.626737
50.755204 -14.792047
50.855317 -13.800149
50.950418 -14.272216
50.970440 -13.138831
51.050527 -14.571849
51.070549 -14.378768
51.150632 -14.756532
51.170652 -15.205310
51.250742 -14.392329
51.275764 -14.626737
51.355855 -14.839186
51.370871 -16.445002
51.455961 -14.805608
51.470977 -14.378768
51.551062 -14.874701
51.571083 -14.957355
51.651169 -15.342846
51.676197 -15.040007
51.751275 -14.981246
51.771296 -15.122659
51.851381 -15.756087
51.871402 -16.197075
51.951493 -15.842608
51.971514 -15.866497
52.051602 -15.370611
52.071627 -15.370611
52.151706 -15.287961
52.171727 -15.370611
52.251812 -15.535909
52.271833 -15.866497
52.351928 -15.973032
52.371945 -16.445002
52.452030 -15.590793
52.472051 -15.535909
52.552136 -15.819363
52.572157 -16.362360
52.657255 -15.907820
52.672270 -16.197075
52.752363 -16.055677
52.772383 -16.197075
52.852469 -16.266159
52.872489 -16.527642
52.972595 -16.692922
53.052681 -16.692922
53.072702 -16.692922
53.172821 -16.197075
53.252900 -16.747799
53.272922 -17.271380
53.363017 -16.692922
53.383038 -16.775561
53.463123 -16.486322
53.483145 -16.279718
53.563230 -16.869820
53.583251 -16.527642
53.663336 -16.651602
53.683357 -16.445002
53.763442 -16.787182
53.783467 -16.858199
53.868562 -16.665160
53.883578 -16.279718
53.963672 -16.681301
53.983691 -16.610283
54.063784 -16.816880
54.083806 -16.362360
54.163891 -16.681301
54.183912 -16.362360
54.264013 -16.844641
54.284041 -16.775561
54.379143 -16.940837
54.459227 -16.940837
54.479249 -16.940837
54.579355 -16.858199
54.659440 -16.913076
54.679461 -16.031788
54.779568 -16.610283
54.859653 -16.816880
54.879674 -16.527642
54.979780 -17.271380
55.069886 -17.051234
55.089913 -18.758697
55.169998 -17.389521
55.195031 -17.106110
55.255095 -17.381774
55.295137 -16.114432
55.375222 -17.365635
55.390238 -17.684545
55.470323 -17.615470
55.490353 -17.023474
55.585452 -17.932436
55.665537 -17.216506
55.685558 -17.932436
55.785670 -18.097694
55.865755 -17.505724
55.885786 -18.097694
55.970876 -17.932436
55.985894 -17.932436
56.065991 -17.808491
56.086012 -18.015065
56.186118 -17.849806
56.266203 -17.670988
56.286226 -16.775561
56.386330 -17.849806
56.466415 -18.015065
56.486437 -18.345575
56.596557 -17.849806
56.681647 -18.056379
56.696660 -18.758697
56.776745 -18.499207
56.796767 -18.676074
56.876852 -18.510826
56.896873 -18.593450
56.981963 -18.640572
57.001985 -17.601913
57.082069 -18.317818
57.102099 -17.849806
57.177179 -18.251329
57.197200 -18.923941
57.277285 -18.565694
57.297306 -18.593450
57.377393 -18.652191
57.397413 -17.767176
57.477498 -18.758697
57.497519 -19.171803
57.577605 -19.100802
57.607641 -19.502276
57.672710 -18.689629
57.687728 -18.841320
57.792844 -18.345575
57.867924 -18.469513
57.887957 -18.758697
57.993056 -19.006563
58.068136 -18.414645
58.088160 -19.254422
58.178253 -18.557948
58.198274 -19.006563
58.283365 -18.634762
58.303386 -18.758697
58.383471 -19.242804
58.403493 -19.667508
58.483578 -19.530030
58.503599 -19.419659
58.583684 -19.266040
58.603705 -19.254422
58.673780 -19.226667
58.698813 -19.254422
58.793919 -19.584892
58.889026 -19.474522
58.914052 -19.750124
58.989138 -19.337041
59.009159 -19.089183
59.094250 -19.515830
59.109266 -19.584892
59.194356 -19.431277
59.214380 -19.337041
59.294469 -19.364795
59.309486 -19.006563
59.394576 -19.218922
59.414597 -18.923941
59.494682 -19.309286
59.509698 -19.584892
59.589782 -19.313159
59.614810 -19.584892
59.689891 -19.681062
59.714917 -20.493632
59.795001 -19.879854
59.815023 -19.667508
59.885099 -19.681062
59.910130 -20.411022
60.005238 -20.328412
60.085326 -20.039272
60.105344 -19.171803
60.205467 -19.915352
60.285550 -20.204496
60.305571 -20.245802
60.405678 -19.502276
60.485763 -19.860491
60.505792 -20.906669
60.605898 -20.163190
60.680978 -20.287107
60.706005 -19.997966
60.806111 -19.667508
60.886196 -20.493632
60.906217 -20.493632
61.001319 -20.989274
61.086409 -20.369717
61.106430 -20.658849
61.201537 -20.741456
61.286628 -20.672401
61.306656 -20.328412
61.406755 -21.237087
61.486841 -20.878918
61.526896 -22.063086
61.601976 -21.237087
61.621997 -21.319690
61.702091 -21.250639
61.722111 -20.741456
61.807213 -21.013152
61.827234 -21.071879
61.892307 -21.002827
61.922342 -23.054198
62.007440 -21.732694
62.107558 -21.017024
62.127580 -20.989274
62.202666 -21.248703
62.222688 -21.484893
62.302776 -21.567494
62.322799 -22.310873
62.422905 -22.228278
62.502990 -21.430041
62.518005 -21.402292
62.603096 -21.909506
62.618111 -21.484893
62.698196 -21.773993
62.718218 -21.732694
62.803309 -22.074701
62.818324 -21.650094
62.903415 -22.462510
62.918430 -22.558654
63.018540 -22.558654
63.098622 -22.421213
63.118644 -22.063086
63.223755 -21.732694
63.298836 -21.897891
63.318856 -22.310873
63.408952 -21.862400
63.423970 -22.558654
63.499049 -21.843041
63.519069 -21.815293
63.624182 -21.402292
63.704266 -21.650094
63.719282 -21.815293
63.819388 -21.402292
63.909484 -22.627696
63.934511 -22.476061
64.009591 -22.145682
64.029617 -21.897891
64.109697 -21.966938
64.129718 -22.228278
64.209803 -22.275383
64.234830 -22.393467
64.309910 -22.117935
64.329932 -21.897891
64.415029 -22.381852
64.430045 -22.228278
64.510130 -22.338619
64.530151 -22.063086
64.610243 -22.534779
64.625259 -22.393467
64.710350 -22.999354
64.730371 -22.806429
64.810456 -22.665120
64.830478 -22.476061
64.915568 -22.668992
64.930584 -23.136786
65.010675 -22.476061
65.030697 -22.310873
65.110789 -22.572204
65.135814 -22.228278
65.230916 -22.806429
65.311002 -22.819979
65.336028 -22.889019
65.426124 -21.815293
65.521225 -22.365720
65.541245 -23.384548
65.621331 -22.770940
65.641357 -23.714887
65.721437 -22.861274
65.741458 -23.136786
65.821546 -22.806429
65.841566 -22.889019
65.921650 -22.627696
65.941672 -22.145682
66.021759 -22.381852
66.041779 -22.063086
66.121872 -22.613500
66.141892 -23.136786
66.221977 -22.263768
66.241999 -22.228278
66.322084 -22.035338
66.342105 -22.145682
66.417185 -22.310873
66.437206 -22.145682
66.522297 -22.352170
66.542318 -23.301961
66.622404 -22.558654
66.642431 -22.806429
66.722518 -22.668992
66.742539 -22.063086
66.822628 -22.594143
66.842649 -22.641246
66.922742 -22.530908
66.937758 -22.310873
67.022854 -22.452186
67.042875 -22.476061
67.122961 -22.145682
67.142982 -21.897891
67.243088 -21.732694
67.323174 -21.650094
67.338190 -21.567494
67.438296 -21.897891
67.518385 -22.049535
67.543407 -22.145682
67.643525 -21.897891
67.723609 -22.076637
67.738625 -21.732694
67.843736 -21.402292
67.923834 -22.214727
67.943856 -22.806429
68.043962 -22.558654
68.124056 -22.063086
68.139072 -22.063086
68.239178 -21.319690
68.319270 -22.256024
68.339293 -21.402292
68.444411 -21.484893
68.519492 -22.530908
68.539513 -22.476061
68.639621 -21.897891
68.719704 -22.338619
68.744731 -21.815293
68.844837 -21.980489
68.939948 -22.241828
68.964975 -22.889019
69.040055 -22.169557
69.060076 -21.815293
69.120140 -22.599950
69.140161 -22.145682
69.240268 -22.381852
69.260289 -22.476061
69.340383 -22.063086
69.440489 -22.558654
69.460510 -22.558654
69.530585 -22.517357
69.550606 -21.402292
69.650713 -21.980489
69.725793 -22.393467
69.745814 -22.310873
69.850941 -22.476061
69.926027 -22.269575
69.946048 -22.145682
70.046157 -22.971609
70.131245 -22.324423
70.146261 -22.641246
70.246367 -22.806429
70.326454 -22.545103
70.366495 -23.054198
70.446589 -22.558654
70.546695 -22.063086
70.566716 -22.889019
70.636791 -22.452186
70.661817 -22.558654
70.741902 -22.572204
70.756918 -22.889019
70.857029 -22.310873
70.937109 -22.297322
70.957131 -22.558654
71.057246 -22.558654
71.137332 -22.503807
71.157357 -22.889019
71.252454 -22.558654
71.332540 -21.952741
71.352561 -22.641246
71.452675 -21.650094
71.552779 -22.324423
71.572800 -21.815293
71.657896 -22.145682
71.747995 -22.159233
71.768020 -21.567494
71.848109 -22.039210
71.868130 -22.145682
71.943213 -21.994040
71.973242 -21.897891
72.053329 -21.402292
72.138419 -22.269575
72.158439 -22.393467
72.253542 -21.956613
72.273565 -22.393467
72.353647 -21.980489
72.373668 -22.971609
72.453755 -22.004364
72.488797 -23.880053
72.548860 -22.035338
72.568881 -22.393467
72.668994 -22.393467
72.749087 -22.063086
72.769111 -21.732694
72.864206 -22.310873
72.944298 -22.283126
72.969324 -22.558654
73.059429 -22.181172
73.079450 -22.393467
73.154536 -22.021787
73.179557 -22.641246
73.259653 -22.204402
73.279673 -22.641246
73.359759 -21.773993
73.379780 -21.815293
73.454860 -21.944998
73.479887 -21.319690
73.559972 -21.952741
73.579993 -21.897891
73.660089 -21.980489
73.680117 -22.310873
73.755190 -22.104384
73.780217 -22.228278
73.860311 -22.369592
73.880323 -22.228278
73.960417 -22.228278
73.980438 -22.228278
74.055518 -22.381852
74.075540 -21.897891
74.155628 -22.310873
74.175646 -22.393467
74.260737 -22.310873
74.275753 -22.558654
74.355838 -22.283126
74.380865 -22.310873
74.455945 -22.275383
74.480971 -22.145682
74.551046 -22.228278
74.571067 -21.319690
74.676185 -22.063086
74.751265 -21.994040
74.771286 -21.732694
74.871398 -23.219374
74.951486 -22.462510
74.971507 -22.228278
75.071625 -22.228278
75.151699 -22.434764
75.171721 -22.393467
75.271836 -22.464446
75.291859 -22.393467
75.371943 -22.090833
75.391964 -22.310873
75.472049 -22.110191
75.492071 -22.476061
75.552135 -21.952741
75.592177 -22.641246
75.672263 -22.417342
75.692284 -22.806429
75.772369 -22.668992
75.787385 -22.558654
75.867471 -22.452186
75.887498 -22.889019
75.967582 -22.627696
75.992610 -23.301961
76.072695 -22.912893
76.092716 -22.641246
76.172802 -22.778683
76.192822 -22.889019
76.272908 -22.794814
76.292928 -22.476061
76.373014 -22.476061
76.393040 -22.476061
76.473125 -22.275383
76.493151 -22.641246
76.573236 -22.476061
76.593257 -23.136786
76.668337 -22.617372
76.693364 -21.980489
76.768444 -22.132131
76.788465 -22.641246
76.868553 -22.145682
76.888577 -21.650094
76.968662 -22.365720
76.993695 -22.145682
77.093807 -22.971609
77.168886 -22.847724
77.193917 -23.467134
77.274006 -22.735452
77.294023 -22.971609
77.374109 -22.668992
77.389126 -23.549719
77.474216 -23.112913
77.494237 -23.054198
77.569317 -23.315511
77.594343 -23.054198
77.689444 -22.476061
77.769531 -22.819979
77.789551 -22.641246
77.889664 -23.136786
77.969749 -22.875469
77.989774 -22.723838
78.084877 -22.239893
78.104904 -22.228278
78.184989 -22.476061
78.285096 -22.818043
78.305125 -23.136786
78.365191 -22.792879
78.405231 -22.889019
78.485317 -22.841917
78.505338 -22.641246
78.585423 -22.889019
78.605444 -22.228278
78.685530 -22.841917
78.705551 -22.145682
78.785642 -22.819979
78.805657 -22.806429
78.885743 -22.735452
78.905764 -22.228278
78.985849 -22.819979
79.005872 -22.558654
79.080951 -22.747712
79.100972 -22.063086
79.181057 -22.641246
79.201078 -22.723838
79.281164 -23.125172
79.301185 -23.301961
79.381270 -23.288412
79.396295 -22.641246
79.501408 -23.054198
79.581495 -22.710288
79.601514 -22.971609
79.696615 -23.714887
79.781706 -23.260668
79.801727 -23.301961
79.901842 -22.889019
79.981927 -22.682542
80.001948 -22.558654
80.102064 -23.384548
80.177144 -23.095492
80.202180 -22.806429
80.297283 -23.301961
80.377366 -23.191630
80.402393 -22.558654
80.502500 -22.889019
80.577580 -23.026453
80.597601 -23.301961
80.702713 -23.384548
80.777793 -22.971609
80.797825 -22.971609
80.897927 -23.054198
80.978012 -23.012904
80.998039 -22.641246
81.098145 -22.889019
81.118167 -22.971609
81.203261 -22.558654
81.298363 -23.042584
81.318384 -22.641246
81.398470 -22.958059
81.418495 -22.971609
81.498579 -22.971609
81.518599 -23.384548
81.583667 -22.916764
81.618704 -23.136786
81.698797 -22.830303
81.718810 -22.476061
81.798904 -22.283126
81.818927 -22.641246
81.899010 -22.476061
81.919032 -23.384548
81.999117 -23.150336
82.019138 -23.054198
82.109235 -22.310873
82.194326 -22.530908
82.219355 -22.558654
82.314459 -21.980489
82.389540 -22.558654
82.414567 -21.732694
82.509667 -21.815293
82.599763 -22.145682
82.614779 -20.989274
82.714886 -21.319690
82.789966 -21.595243
82.814992 -21.319690
82.915106 -22.310873
82.990186 -21.374543
83.015213 -21.897891
83.100303 -21.992104
83.115319 -22.723838
83.195411 -22.076637
83.210427 -22.063086
83.310534 -22.228278
83.395634 -22.132131
83.410645 -22.393467
83.510752 -22.393467
83.610859 -22.076637
83.615864 -22.310873
83.710972 -22.216663
83.730994 -22.310873
83.811079 -22.641246
83.831100 -22.641246
83.916196 -22.393467
84.011303 -22.393467
84.036330 -22.476061
84.121426 -22.228278
84.201511 -22.186980
84.226540 -21.980489
84.301625 -22.428956
84.326651 -22.476061
84.401741 -21.856592
84.421762 -22.310873
84.521870 -21.650094
84.601961 -21.608794
84.621982 -22.476061
84.722089 -22.145682
84.802174 -21.209337
84.822196 -21.815293
84.927314 -21.567494
85.002400 -20.989274
85.022422 -20.906669
85.122528 -20.989274
85.202614 -21.333242
85.222635 -21.732694
85.322747 -23.880053
85.402837 -21.746245
85.422859 -20.493632
85.522971 -20.163190
85.603064 -21.595243
85.623085 -21.071879
85.723192 -21.980489
85.803280 -21.994040
85.823301 -22.393467
85.923409 -21.909506
85.943429 -22.145682
86.023515 -22.117935
86.043536 -21.402292
86.123622 -22.286998
86.143643 -22.723838
86.203719 -22.861274
86.243762 -21.567494
86.338863 -21.402292
86.418959 -22.641246
86.438980 -22.145682
86.519067 -22.381852
86.544093 -22.641246
86.619172 -23.026453
86.639193 -23.054198
86.719279 -22.995482
86.739300 -21.897891
86.819386 -23.095492
86.844412 -22.145682
86.919492 -22.770940
86.939515 -22.558654
87.019599 -22.999354
87.039620 -23.219374
87.119718 -22.830303
87.139740 -23.136786
87.219824 -23.095492
87.244851 -22.723838
87.319932 -22.959995
87.344957 -22.806429
87.420038 -23.274217
87.440059 -23.219374
87.545172 -24.045216
87.620251 -22.999354
87.640272 -22.393467
87.740390 -22.063086
87.820475 -22.448314
87.860518 -22.063086
87.935598 -22.145682
88.015684 -21.966938
88.040710 -22.558654
88.140817 -22.806429
88.220902 -22.173429
88.235920 -22.641246
88.336025 -23.136786
88.421116 -22.008236
88.441137 -22.476061
88.536238 -21.732694
88.616337 -21.553942
88.641363 -21.897891
88.736477 -21.484893
88.821567 -21.856592
88.836585 -22.310873
88.936691 -22.063086
89.036801 -21.319690
89.136904 -22.322487
89.156925 -22.723838
89.237011 -22.668992
89.257033 -22.641246
89.337128 -22.405082
89.367160 -22.393467
89.437250 -22.269575
89.457271 -22.310873
89.537368 -22.417342
89.557389 -21.980489
89.622458 -22.723838
89.657496 -22.723838
89.737581 -22.770940
89.757603 -22.393467
89.837688 -22.517357
89.857709 -22.310873
89.937806 -22.440571
89.957827 -21.815293
90.037913 -22.421213
90.057934 -22.723838
90.138030 -22.393467
90.158052 -22.558654
90.238137 -22.132131
90.258158 -22.641246
90.338258 -22.239893
90.358279 -22.558654
90.438365 -22.393467
90.463391 -22.393467
90.538471 -22.393467
90.558493 -22.310873
90.638578 -21.925639
90.663605 -21.484893
90.738696 -21.650094
90.758719 -21.237087
90.838803 -21.347439
90.858824 -21.650094
90.953925 -22.063086
91.034011 -21.291940
91.054032 -22.063086
91.154139 -21.484893
91.234224 -21.512642
91.254246 -21.567494
91.354352 -21.319690
91.434438 -21.333242
91.454459 -21.980489
91.559571 -21.815293
91.639663 -21.126733
91.654679 -20.576240
91.754799 -21.732694
91.839890 -21.622346
91.854906 -21.567494
91.955019 -21.815293
92.035105 -21.815293
92.055127 -22.063086
92.155234 -21.567494
92.235324 -21.884340
92.255345 -22.723838
92.355452 -21.650094
92.450554 -21.704946
92.470575 -22.063086
92.550661 -21.484893
92.570682 -21.650094
92.645762 -21.925639
92.665783 -22.228278
92.765890 -22.476061
92.845981 -22.696092
92.865998 -22.558654
92.946086 -22.452186
92.971113 -22.063086
93.046193 -22.338619
93.066214 -22.145682
93.166327 -22.641246
93.246417 -22.448314
93.266439 -22.806429
93.371551 -22.145682
93.451636 -22.407017
93.466651 -22.310873
93.566764 -22.145682
93.646845 -22.641246
93.666871 -22.971609
93.766973 -23.797470
93.852064 -23.081943
93.867080 -22.971609
93.962181 -22.735452
93.982202 -22.641246
94.042267 -22.806429
94.082309 -22.806429
94.162399 -22.547039
94.182416 -22.310873
94.262501 -22.434764
94.282522 -22.723838
94.362614 -22.605757
94.382636 -22.723838
94.457723 -23.123237
94.482749 -22.641246
94.562841 -22.794814
94.577857 -21.980489
94.662948 -22.696092
94.682969 -22.723838
94.763054 -22.924507
94.783076 -23.136786
94.863162 -22.641246
94.883183 -23.797470
94.958273 -22.605757
94.983299 -22.641246
95.058380 -22.682542
95.083406 -23.054198
95.158486 -22.889019
95.183519 -22.806429
95.263600 -22.806429
95.283620 -22.393467
95.363716 -22.818043
95.383734 -22.971609
95.453813 -22.875469
95.473831 -22.723838
95.573937 -23.136786
95.654029 -22.806429
95.669045 -22.063086
95.774157 -22.063086
95.854243 -22.545103
95.874264 -22.806429
95.974378 -23.136786
96.054463 -23.136786
96.074485 -22.310873
96.174596 -22.830303
96.194618 -22.145682
96.254682 -22.737388
96.274703 -21.815293
96.374820 -22.841917
96.394843 -22.971609
96.469924 -22.737388
96.484940 -21.897891
96.565025 -22.357977
96.585046 -22.476061
96.665132 -22.517357
96.685153 -22.723838
96.765239 -22.794814
96.785260 -23.136786
96.865346 -23.247118
96.885367 -21.402292
96.980469 -22.310873
97.060554 -22.737388
97.075570 -22.889019
97.180689 -20.741456
97.285794 -21.980489
97.385902 -21.980489
97.465987 -22.902569
97.481003 -23.632303
97.581110 -22.806429
97.681224 -22.902569
97.701245 -22.971609
97.781330 -22.865145
97.801352 -22.806429
97.881437 -22.476061
97.901469 -22.558654
97.976545 -22.605757
98.001572 -22.723838
98.081658 -22.586400
98.101679 -22.228278
98.181765 -22.712223
98.196783 -22.806429
98.276867 -22.834174
98.296888 -22.806429
98.376977 -22.617372
98.396994 -22.063086
98.472075 -22.324423
98.492096 -22.063086
98.592203 -22.806429
98.672289 -22.613500
98.692309 -22.393467
98.792420 -22.310873
98.872506 -22.819979
98.892533 -23.136786
98.992645 -22.641246
99.072731 -22.682542
99.097757 -22.806429
99.197864 -23.136786
99.277950 -22.889019
99.292965 -22.558654
99.393072 -23.136786
99.478163 -23.012904
99.493179 -23.054198
99.593292 -23.467134
99.673378 -23.232924
99.693399 -23.467134
99.793509 -23.136786
99.873592 -23.288412
99.893623 -22.641246
99.988724 -22.936121
100.008743 -23.136786
100.088830 -22.999354
100.108855 -22.641246
100.188937 -22.665120
100.208958 -22.063086
100.289050 -22.572204
100.309071 -22.889019
100.389157 -22.605757
100.409178 -23.054198
100.489264 -22.654796
100.509285 -22.393467
100.589370 -22.452186
100.609392 -22.723838
100.689477 -22.586400
100.709499 -23.632303
100.789584 -22.652860
100.809605 -22.971609
100.889696 -22.696092
100.909717 -23.467134
100.994814 -23.089685
101.009830 -23.467134
101.089916 -23.123237
101.104932 -23.054198
101.190025 -22.983223
101.205038 -23.219374
101.290129 -22.819979
101.305146 -22.806429
101.390236 -23.089685
101.410258 -22.558654
101.500354 -21.980489
101.600468 -22.641246
101.685559 -22.448314
101.700575 -22.971609
101.805687 -22.806429
101.885778 -22.751583
101.905794 -23.632303
102.005900 -22.971609
102.080981 -23.095492
102.101015 -23.301961
102.201122 -23.491006
102.221144 -23.962635
102.281208 -23.893602
102.306246 -23.962635
102.401350 -23.620690
102.421369 -22.723838
102.481434 -23.467134
102.511472 -23.054198
102.591562 -23.573591
102.611584 -23.384548
102.691669 -23.687144
102.711690 -23.632303
102.811806 -22.641246
102.891890 -23.728436
102.911907 -23.549719
103.027032 -23.962635
103.087094 -23.508426
103.127140 -23.384548
103.202227 -23.491006
103.232250 -23.384548
103.307334 -22.971609
103.407442 -23.148400
103.427462 -24.127797
103.507548 -23.356804
103.527570 -23.384548
103.607655 -23.478747
103.622671 -23.301961
103.707762 -23.356804
103.727783 -23.714887
103.807873 -23.266475
103.822889 -23.136786
103.902974 -23.315511
103.922996 -23.301961
104.003093 -23.478747
104.028120 -23.301961
104.108205 -23.453584
104.123222 -23.301961
104.203313 -23.431648
104.223335 -23.384548
104.303420 -23.288412
104.323441 -24.210377
104.403527 -23.679402
104.428554 -23.714887
104.503635 -23.962635
104.528661 -23.467134
104.603741 -23.750372
104.628768 -23.549719
104.703863 -23.398097
104.723884 -23.136786
104.803970 -23.596818
104.828996 -23.962635
104.904081 -23.728436
104.924102 -24.127797
105.004189 -23.832955
105.034220 -23.219374
105.109306 -23.852310
105.124322 -23.797470
105.224429 -22.971609
105.304514 -23.288412
105.324536 -23.054198
105.429648 -23.384548
105.504738 -23.040648
105.539776 -23.219374
105.624866 -22.889019
105.704952 -23.260668
105.719969 -23.467134
105.825080 -23.880053
105.900160 -23.343255
105.920182 -23.054198
106.040310 -22.641246
106.105380 -23.343255
106.125401 -23.136786
106.225518 -22.723838
106.305600 -23.329705
106.325622 -22.558654
106.425732 -24.458113
106.505814 -23.232924
106.525836 -24.210377
106.620937 -23.538105
106.645964 -23.632303
106.706036 -23.893602
106.726059 -24.127797
106.821159 -23.703274
106.841182 -24.127797
106.921267 -23.315511
106.941288 -24.127797
107.021374 -23.349062
107.041394 -23.219374
107.121489 -23.645852
107.141509 -23.467134
107.221595 -23.502620
107.241617 -22.971609
107.321702 -23.150336
107.341723 -24.127797
107.421809 -23.643917
107.441830 -23.632303
107.521920 -23.439390
107.546943 -23.549719
107.622031 -23.254861
107.642051 -23.632303
107.722137 -23.205825
107.742164 -23.632303
107.822253 -23.254861
107.842273 -23.384548
107.922359 -22.792879
107.942380 -22.806429
108.022466 -22.983223
108.042487 -22.971609
108.122579 -23.315511
108.142600 -22.723838
108.222685 -22.971609
108.242709 -21.897891
108.322794 -23.123237
108.342814 -23.219374
108.422900 -23.078071
108.447926 -22.641246
108.528014 -23.095492
108.543028 -23.880053
108.643142 -22.641246
108.723227 -22.214727
108.743249 -21.567494
108.843356 -21.732694
108.923442 -23.109042
108.943464 -22.889019
109.043571 -23.549719
109.123655 -22.958059
109.143676 -22.806429
109.243789 -22.806429
109.323882 -22.806429
109.343904 -22.889019
109.444010 -23.054198
109.524097 -22.572204
109.539112 -22.723838
109.634214 -23.089685
109.654235 -23.797470
109.734321 -23.040648
109.754342 -23.054198
109.834431 -22.900633
109.854455 -22.723838
109.934540 -22.861274
109.954561 -22.889019
110.034651 -22.947735
110.059677 -23.054198
110.124762 -22.861274
110.144783 -22.806429
110.244890 -22.723838
110.324976 -22.971609
110.344997 -22.889019
110.445104 -22.228278
110.525195 -22.985159
110.545216 -22.806429
110.645323 -22.971609
110.725413 -23.577462
110.740429 -23.467134
110.845541 -23.797470
110.925632 -23.412292
110.945652 -23.384548
111.045768 -24.045216
111.125854 -23.549719
111.145875 -23.549719
111.245982 -22.723838
111.331073 -23.398097
111.351094 -23.467134
111.446201 -24.210377
111.546312 -23.467134
111.646424 -24.127797
111.746532 -23.439390
111.766552 -23.384548
111.846640 -23.266475
111.866659 -24.045216
111.946745 -23.219374
111.966767 -23.549719
112.046856 -23.101299
112.066877 -23.797470
112.141962 -23.618754
112.156974 -23.384548
112.262086 -23.301961
112.337166 -23.425841
112.362193 -23.549719
112.442278 -23.396162
112.462300 -22.641246
112.542385 -23.591011
112.562407 -23.219374
112.647498 -23.679402
112.667519 -23.714887
112.752610 -23.673595
112.767626 -23.632303
112.852717 -23.844568
112.867733 -24.292956
112.952824 -23.632303
113.052931 -23.880053
113.072953 -23.714887
113.153038 -23.756179
113.168054 -24.375535
113.248140 -24.033603
113.273167 -23.880053
113.348251 -23.838762
113.368269 -23.880053
113.448354 -23.785857
113.468375 -23.467134
113.553466 -23.756179
113.573488 -24.375535
113.653574 -23.891666
113.673594 -24.127797
113.753696 -23.934893
113.773716 -23.549719
113.853807 -23.691015
113.868822 -23.797470
113.953914 -23.866504
113.973935 -23.797470
114.054020 -23.761986
114.069037 -23.632303
114.144117 -23.660046
114.164138 -23.467134
114.264250 -23.714887
114.344336 -23.701338
114.364357 -24.127797
114.464465 -24.210377
114.544554 -23.728436
114.564575 -23.797470
114.654671 -23.974248
114.664684 -23.632303
114.744769 -24.238118
114.764795 -23.797470
114.864897 -23.962635
114.944983 -23.632303
114.965004 -23.467134
115.065110 -23.384548
115.145201 -23.398097
115.170228 -23.384548
115.265330 -24.375535
115.345415 -23.893602
115.365436 -23.714887
115.465543 -24.210377
115.545629 -24.196828
115.565650 -23.962635
115.675772 -25.036140
115.760863 -23.893602
115.780884 -24.375535
115.860970 -24.056829
115.880992 -23.384548
115.956072 -23.811019
115.981099 -23.632303
116.056187 -24.245860
116.081214 -25.118713
116.176321 -25.036140
116.276436 -23.880053
116.356522 -24.114248
116.376543 -24.458113
116.476652 -23.962635
116.556736 -23.453584
116.576757 -24.045216
116.686875 -24.045216
116.766961 -23.742630
116.791987 -24.210377
116.867068 -23.809084
116.887102 -24.292956
116.967180 -23.632303
116.987204 -24.045216
117.067290 -23.832955
117.087312 -23.714887
117.167398 -23.797470
117.197429 -23.714887
117.277515 -23.384548
117.357601 -23.577462
117.377623 -23.714887
117.477729 -23.136786
117.557815 -23.480683
117.577837 -22.971609
117.677943 -23.549719
117.758029 -23.081943
117.778050 -23.797470
117.878161 -24.127797
117.958247 -23.866504
117.998290 -23.880053
118.078375 -23.301961
118.158465 -23.866504
118.208523 -22.310873
118.268588 -23.585204
118.288618 -23.880053
118.373709 -23.618754
118.388731 -23.880053
118.468817 -23.491006
118.488837 -24.210377
118.568923 -23.329705
118.588944 -23.962635
118.669031 -23.608431
118.689052 -24.210377
118.769138 -23.962635
118.794165 -23.797470
118.869245 -24.021345
118.894272 -23.797470
118.969356 -23.645852
118.994379 -23.549719
119.089481 -23.632303
119.169568 -23.095492
119.194594 -22.889019
119.289708 -23.301961
119.374799 -23.095492
119.394821 -23.549719
119.489935 -23.880053
119.570016 -22.958059
119.590037 -22.889019
119.690144 -23.797470
119.780246 -23.728436
119.800262 -23.714887
119.880348 -23.821342
119.900369 -23.797470
119.985460 -23.577462
120.000476 -23.797470
120.080562 -23.538105
120.100583 -23.219374
120.180670 -23.962635
120.200690 -23.467134
120.290797 -22.393467
120.370878 -23.508426
120.390905 -23.384548
120.496031 -23.549719
120.571111 -23.247118
120.591133 -23.384548
120.691240 -22.476061
120.791354 -21.732694
120.891464 -23.065812
120.911486 -21.897891
120.991571 -22.971609
121.091678 -23.491006
121.111700 -23.054198
121.191785 -22.943864
121.211807 -22.558654
121.286887 -22.806429
121.306908 -22.723838
121.387001 -22.558654
121.407015 -23.549719
121.487102 -22.995482
121.507123 -23.467134
121.582203 -23.191630
121.607244 -23.054198
121.687335 -23.125172
121.707355 -23.962635
121.777430 -23.081943
121.797459 -23.549719
121.897566 -24.127797
121.977656 -23.563268
121.997673 -23.714887
122.097790 -22.971609
122.177875 -22.889019
122.197898 -22.723838
122.298007 -23.219374
122.378092 -23.191630
122.418147 -23.549719
122.498231 -22.558654
122.578317 -22.737388
122.618360 -22.806429
122.698445 -22.971609
122.718467 -23.136786
122.798552 -23.384548
122.813568 -22.310873
122.893660 -23.160660
122.913685 -22.889019
122.998773 -22.930314
123.013789 -22.228278
123.093874 -22.652860
123.118901 -22.806429
123.198987 -22.902569
123.214004 -23.549719
123.299106 -23.030325
123.314122 -23.219374
123.399227 -22.710288
123.419248 -23.136786
123.494329 -23.007096
123.519360 -23.467134
123.594436 -23.577462
123.614458 -23.880053
123.694554 -23.325834
123.714571 -23.219374
123.794668 -23.329705
123.814690 -23.714887
123.894783 -23.183887
123.914804 -23.136786
123.994897 -23.123237
124.019923 -22.971609
124.095010 -23.089685
124.115031 -23.301961
124.195117 -23.343255
124.215138 -23.384548
124.300242 -23.372934
124.315258 -23.467134
124.400349 -23.315511
124.415365 -24.045216
124.515472 -23.880053
124.595562 -23.604560
124.615583 -24.127797
124.715691 -24.210377
124.790771 -23.838762
124.810792 -23.632303
124.910905 -23.797470
124.995996 -24.141345
125.031033 -24.045216
125.111119 -24.033603
125.131140 -23.714887
125.216244 -23.714887
125.311346 -23.797470
125.331368 -23.632303
125.411453 -23.521975
125.436481 -23.549719
125.511565 -23.880053
125.531582 -22.889019
125.596652 -24.086506
125.631689 -22.806429
125.711776 -22.393467
125.806882 -23.880053
125.826903 -24.210377
125.906993 -24.776806
125.927014 -24.705843
126.007100 -24.581978
126.027121 -23.714887
126.107207 -24.151668
126.127237 -24.953567
126.207320 -24.086506
126.227340 -24.458113
126.307433 -24.163280
126.332459 -23.714887
126.412545 -24.086506
126.427561 -24.210377
126.507647 -24.198764
126.527668 -24.375535
126.607754 -24.361987
126.627775 -24.045216
126.707861 -24.234247
126.727883 -23.880053
126.817986 -23.976183
126.827996 -24.375535
126.928103 -24.375535
127.013207 -24.017474
127.028216 -23.632303
127.128323 -23.880053
127.208414 -24.100055
127.228435 -24.210377
127.328547 -24.210377
127.408634 -24.058765
127.428654 -23.632303
127.528768 -24.292956
127.608853 -24.210377
127.628875 -24.870993
127.728982 -24.127797
127.809068 -24.031668
127.839100 -24.127797
127.919194 -24.221989
127.939216 -24.210377
128.019308 -24.045216
128.039330 -24.458113
128.119430 -24.434242
128.139451 -24.705843
128.219537 -24.072958
128.239562 -24.458113
128.319649 -24.045216
128.339670 -24.045216
128.419756 -24.127797
128.439778 -24.210377
128.519863 -24.245860
128.539885 -23.467134
128.619974 -23.728436
128.639996 -23.632303
128.720081 -23.938764
128.740103 -24.705843
128.820194 -24.155538
128.850221 -24.292956
128.930312 -24.328439
128.950336 -24.045216
129.030419 -24.072958
129.050440 -23.467134
129.130526 -24.210377
129.155553 -23.467134
129.230639 -24.361987
129.250663 -24.210377
129.330750 -24.210377
129.355777 -24.540690
129.430857 -24.279408
129.450886 -24.375535
129.530965 -24.116184
129.550986 -24.870993
129.631072 -24.403276
129.651093 -24.292956
129.731181 -24.422630
129.751201 -24.458113
129.831291 -24.540690
129.856318 -24.045216
129.931403 -24.269085
129.951422 -24.127797
130.031508 -24.141345
130.051529 -24.375535
130.131617 -24.340052
130.151637 -24.540690
130.231726 -24.595526
130.251748 -24.458113
130.331835 -24.764548
130.356860 -24.045216
130.426935 -24.334245
130.451962 -24.953567
130.532048 -24.210377
130.547064 -24.375535
130.627156 -23.907795
130.652182 -23.632303
130.732272 -23.738759
130.752293 -22.971609
130.832379 -23.949086
130.852401 -24.292956
130.927482 -23.821342
130.952508 -23.467134
131.032597 -23.467134
131.052619 -23.797470
131.132707 -23.761986
131.147721 -23.219374
131.227807 -23.494877
131.247828 -22.889019
131.332919 -23.726501
131.347935 -23.549719
131.433026 -23.673595
131.448042 -23.384548
131.548150 -23.301961
131.633248 -23.549719
131.653269 -23.301961
131.753377 -23.301961
131.833465 -23.618754
131.853487 -23.549719
131.948588 -23.549719
132.028674 -23.384548
132.048696 -24.375535
132.148803 -24.292956
132.233895 -23.219374
132.248910 -22.641246
132.349017 -22.063086
132.444120 -23.288412
132.464141 -22.145682
132.544240 -22.806429
132.564263 -22.641246
132.644349 -23.425841
132.664370 -24.127797
132.744456 -23.573591
132.759471 -23.384548
132.839557 -22.558654
132.859580 -23.632303
132.944670 -22.747712
132.964691 -22.228278
133.039772 -22.297322
133.064799 -22.889019
133.144890 -22.582528
133.159906 -22.228278
133.245005 -23.095492
133.260021 -23.136786
133.340112 -23.089685
133.360128 -22.806429
133.440214 -22.737388
133.460235 -22.889019
133.545326 -22.652860
133.560343 -22.723838
133.640428 -22.792879
133.660450 -22.558654
133.740536 -22.605757
133.760557 -22.641246
133.840643 -22.393467
133.860664 -21.897891
133.960774 -21.650094
134.040858 -22.186980
134.060879 -21.897891
134.160990 -22.806429
134.241076 -22.338619
134.261097 -22.806429
134.361204 -22.228278
134.451301 -22.104384
134.471323 -22.063086
134.551408 -22.511550
134.571430 -23.054198
134.651520 -22.517357
134.671541 -22.393467
134.756633 -22.476061
134.851735 -22.489611
134.871756 -22.393467
134.951842 -22.523165
134.971864 -23.136786
135.051956 -22.682542
135.071970 -23.136786
135.147051 -22.723838
135.172077 -22.641246
135.252163 -23.012904
135.272185 -22.806429
135.352271 -22.688349
135.372293 -22.476061
135.447378 -22.792879
135.467398 -22.723838
135.567506 -22.806429
135.647592 -23.054198
135.667614 -22.476061
135.767720 -22.806429
135.847807 -22.737388
135.867827 -22.310873
135.967938 -22.476061
136.043019 -22.613500
136.068046 -21.980489
136.168167 -23.136786
136.248253 -22.902569
136.268274 -23.384548
136.368390 -23.384548
136.463492 -23.026453
136.483513 -22.723838
136.563599 -22.865145
136.583620 -22.476061
136.663713 -22.641246
136.683733 -22.476061
136.763819 -22.723838
136.783840 -22.889019
136.863931 -22.434764
136.888963 -22.641246
136.964043 -22.452186
136.984064 -22.558654
137.064150 -22.434764
137.084171 -22.806429
137.164264 -22.676735
137.184286 -22.476061
137.264371 -22.710288
137.284393 -22.723838
137.364486 -23.112913
137.384507 -23.219374
137.454582 -22.889019
137.474604 -22.310873
137.574715 -22.063086
137.654801 -22.434764
137.674823 -22.145682
137.774930 -23.054198
137.855020 -22.627696
137.875042 -23.219374
137.975153 -22.310873
138.060244 -22.256024
138.075265 -22.393467
138.175372 -22.641246
138.255461 -22.545103
138.275483 -22.641246
138.375590 -23.301961
138.460687 -22.558654
138.475702 -22.641246
138.575812 -22.145682
138.655898 -22.613500
138.675919 -22.889019
138.776026 -22.889019
138.856112 -22.806429
138.876134 -23.384548
138.981246 -22.889019
139.056327 -23.384548
139.096374 -23.632303
139.176459 -23.443261
139.196481 -24.127797
139.261551 -23.577462
139.291583 -23.467134
139.371669 -23.325834
139.391696 -23.219374
139.466776 -23.660046
139.491802 -23.301961
139.586908 -23.880053
139.666994 -23.852310
139.687016 -24.127797
139.792128 -23.797470
139.872214 -24.210377
139.892235 -23.384548
139.992345 -22.641246
140.067425 -23.714887
140.087447 -23.632303
140.187556 -24.045216
140.267644 -24.045216
140.287663 -24.375535
140.377759 -23.868440
140.387770 -24.292956
140.467855 -24.238118
140.492883 -24.292956
140.587985 -24.210377
140.668071 -24.499401
140.688092 -24.210377
140.788204 -23.962635
140.878300 -24.292956
140.903327 -24.458113
140.983414 -24.422630
140.998429 -24.458113
141.078515 -24.182635
141.103547 -24.292956
141.188641 -24.458113
141.273731 -24.595526
141.293760 -24.788418
141.393867 -23.714887
141.468953 -24.031668
141.493974 -24.045216
141.594085 -24.458113
141.674167 -24.223925
141.694189 -24.210377
141.794302 -23.632303
141.874390 -23.949086
141.889414 -23.714887
141.989515 -24.127797
142.094628 -23.467134
142.194738 -23.962635
142.294847 -23.645852
142.309863 -23.797470
142.389955 -23.679402
142.419987 -23.467134
142.490062 -24.155538
142.515089 -23.962635
142.590169 -23.962635
142.610191 -23.797470
142.690278 -24.003926
142.710298 -23.880053
142.795394 -23.797470
142.810410 -23.714887
142.890496 -23.852310
142.910518 -23.797470
142.995614 -23.797470
143.010630 -23.797470
143.090716 -24.086506
143.110738 -24.210377
143.190823 -24.092313
143.210845 -24.210377
143.290932 -24.334245
143.310952 -24.210377
143.391038 -24.033603
143.411059 -24.458113
143.481135 -23.990377
143.501168 -24.127797
143.601283 -24.623266
143.681369 -24.292956
143.701398 -23.880053
143.801498 -23.797470
143.881584 -23.701338
143.901605 -23.632303
144.001713 -23.384548
144.081799 -23.494877
144.126854 -23.714887
144.201935 -23.514233
144.221957 -23.219374
144.307051 -23.714887
144.402157 -23.455520
144.422178 -23.136786
144.492253 -23.329705
144.517280 -23.301961
144.592361 -23.219374
144.617388 -23.301961
144.697474 -23.274217
144.717495 -23.219374
144.797584 -23.478747
144.817604 -23.054198
144.897688 -23.191630
144.912704 -23.219374
145.017819 -23.136786
145.097903 -22.930314
145.117926 -22.889019
145.213026 -23.136786
145.298122 -23.012904
145.313134 -23.054198
145.418247 -22.971609
145.493327 -23.412292
145.518358 -23.219374
145.618462 -22.723838
145.698547 -23.040648
145.718568 -23.219374
145.818679 -23.467134
145.898762 -23.219374
145.913778 -23.301961
146.013887 -22.889019
146.093971 -22.819979
146.113993 -23.219374
146.214101 -22.558654
146.294190 -22.448314
146.314211 -22.558654
146.414319 -22.063086
146.494405 -22.723838
146.529442 -22.723838
146.609528 -22.511550
146.629550 -22.558654
146.709636 -22.393467
146.734662 -22.558654
146.809745 -22.381852
146.829772 -22.228278
146.914861 -22.352170
146.929877 -22.558654
147.009969 -22.428956
147.029990 -22.641246
147.110078 -22.063086
147.130099 -21.815293
147.210190 -21.756570
147.230211 -22.145682
147.310303 -21.925639
147.330325 -22.310873
147.410410 -22.051471
147.430433 -22.723838
147.500506 -22.241828
147.520528 -22.393467
147.620635 -21.402292
147.700721 -22.200531
147.720743 -22.558654
147.820856 -21.319690
147.900951 -22.063086
147.920972 -21.154483
148.026092 -21.319690
148.101173 -21.719143
148.121194 -21.319690
148.221302 -21.555878
148.241323 -21.237087
148.301388 -21.333242
148.341430 -21.980489
148.426522 -21.237087
148.521629 -21.732694
148.621737 -21.178361
148.641758 -20.989274
148.721843 -20.810510
148.741868 -21.897891
148.821956 -21.237087
148.841977 -21.815293
148.922063 -21.182233
148.942085 -20.741456
149.022171 -21.449401
149.042192 -21.237087
149.122283 -21.223535
149.142303 -20.741456
149.222394 -21.083495
149.242416 -20.741456
149.322502 -20.507185
149.342523 -20.411022
149.422617 -20.552361
149.442639 -20.658849
149.522724 -20.452327
149.542748 -20.576240
149.622832 -20.352292
149.642853 -20.163190
149.722940 -20.534936
149.742961 -20.245802
149.823047 -20.753073
149.843068 -20.741456
149.923155 -20.507185
149.943175 -20.493632
150.023262 -20.363909
150.043283 -19.915352
150.123369 -20.218049
150.143390 -19.419659
150.223476 -20.068961
150.243498 -19.584892
150.323584 -19.763678
150.343608 -19.832738
150.443719 -19.915352
150.518803 -19.901798
150.543827 -20.328412
150.643934 -19.915352
150.719015 -19.943105
150.744042 -19.832738
150.844155 -19.667508
150.924241 -19.406104
150.944262 -19.089183
151.024349 -19.502276
151.044370 -19.254422
151.124456 -19.598447
151.144477 -19.089183
151.244585 -19.254422
151.324671 -19.433213
151.344692 -19.419659
151.444800 -18.923941
151.529892 -19.171803
151.544907 -19.006563
151.645023 -19.584892
151.725113 -19.171803
151.740129 -18.758697
151.840245 -18.758697
151.920322 -18.772252
151.945349 -19.006563
152.035445 -18.747078
152.055467 -18.593450
152.135553 -19.185358
152.155574 -18.593450
152.235660 -18.994944
152.260687 -18.841320
152.335768 -18.730941
152.360794 -18.510826
152.435875 -18.510826
152.460902 -18.262948
152.540988 -18.800008
152.561010 -18.841320
152.641095 -18.581831
152.656111 -19.006563
152.741203 -18.923941
152.756219 -19.089183
152.836309 -18.770316
152.856330 -18.923941
152.941422 -18.607006
152.956438 -18.510826
153.046536 -18.381078
153.056546 -18.510826
153.136632 -18.854875
153.156654 -18.841320
153.256761 -19.006563
153.336851 -19.364795
153.356872 -18.676074
153.436958 -19.018181
153.456980 -18.676074
153.552085 -18.758697
153.652192 -18.758697
153.732278 -18.483069
153.752300 -18.345575
153.852407 -17.849806
153.932493 -18.221635
153.952515 -18.923941
154.062636 -19.089183
154.137714 -18.593450
154.152730 -18.097694
154.252837 -18.345575
154.332923 -18.166765
154.352945 -18.345575
154.458057 -17.519281
154.568175 -18.180321
154.648267 -18.003446
154.673298 -17.932436
154.748380 -18.235191
154.768402 -17.767176
154.848487 -18.097694
154.868509 -17.684545
154.948601 -17.698102
154.968622 -17.849806
155.048708 -18.262948
155.148821 -17.836250
155.168842 -17.767176
155.248928 -17.625799
155.268952 -17.436648
155.349039 -17.794935
155.369061 -18.180321
155.449147 -17.861426
155.469167 -17.767176
155.549258 -17.794935
155.574285 -17.601913
155.649382 -18.286833
155.669403 -18.097694
155.749489 -18.359131
155.769511 -18.593450
155.869618 -17.849806
155.949704 -18.552138
155.969725 -18.676074
156.079848 -18.593450
156.139912 -18.290706
156.164939 -18.262948
156.260048 -18.510826
156.340134 -18.262948
156.365161 -18.345575
156.465268 -18.510826
156.565377 -19.089183
156.660478 -18.109313
156.680501 -18.015065
156.745569 -18.208079
156.780607 -17.684545
156.865698 -18.262948
156.945784 -17.973751
156.980822 -17.767176
157.060915 -17.861426
157.095956 -17.601913
157.156018 -17.753620
157.176040 -17.436648
157.261142 -18.073809
157.281163 -18.097694
157.356244 -18.634762
157.376266 -18.015065
157.456352 -18.180321
157.476373 -17.684545
157.556459 -17.794935
157.576481 -17.849806
157.676599 -17.767176
157.756689 -18.069936
157.776710 -18.015065
157.876821 -18.015065
157.961915 -17.960194
157.976931 -17.932436
158.077046 -17.601913
158.162134 -18.193877
158.177150 -18.015065
158.277261 -17.436648
158.362362 -17.670988
158.377370 -17.106110
158.477476 -16.940837
158.557562 -17.560597
158.577586 -17.849806
158.667687 -17.601913
158.687708 -17.436648
158.772800 -17.340457
158.792821 -17.106110
158.867902 -17.377901
158.892929 -17.188745
158.968010 -17.175188
158.993037 -17.271380
159.068117 -17.460534
159.088139 -16.940837
159.168225 -17.216506
159.188246 -17.849806
159.268332 -17.401142
159.288353 -17.767176
159.368439 -17.615470
159.388465 -18.015065
159.468551 -17.342394
159.488572 -17.354015
159.568659 -17.629673
159.588692 -17.519281
159.678789 -16.775561
159.763880 -16.816880
159.783903 -16.692922
159.884009 -16.692922
159.964102 -16.858199
159.984124 -16.362360
160.084231 -16.692922
160.164330 -16.789119
160.184351 -17.354015
160.284459 -17.023474
160.364545 -16.789119
160.384567 -16.610283
160.484674 -17.271380
160.564774 -16.762003
160.584796 -16.031788
160.684918 -15.866497
160.765020 -16.224838
160.805069 -16.279718
160.885155 -16.362360
160.980257 -16.403681
161.000279 -16.775561
161.085370 -16.185453
161.105392 -15.701205
161.185478 -15.701205
161.205512 -15.783851
161.285593 -15.205310
161.370684 -15.535909
161.395711 -15.535909
161.490813 -14.957355
161.575907 -15.136219
161.590921 -14.792047
161.696034 -14.461425
161.776120 -14.929588
161.791136 -14.792047
161.896249 -14.792047
161.971330 -15.301521
161.991355 -14.957355
162.091467 -14.874701
162.171549 -15.301521
162.191570 -14.792047
162.291678 -14.709393
162.391786 -14.709393
162.486888 -15.004492
162.506909 -15.122659
162.586995 -14.544082
162.607016 -14.296110
162.692108 -14.367144
162.707126 -14.296110
162.792215 -14.268342
162.807232 -13.800149
162.887318 -14.248969
162.907339 -14.461425
162.987425 -14.420096
163.007447 -14.296110
163.092552 -14.673877
163.107568 -15.535909
163.187654 -15.109099
163.207676 -15.040007
163.287767 -15.287961
163.307788 -16.445002
163.382869 -15.535909
163.402901 -16.362360
163.487993 -15.264070
163.508015 -14.792047
163.583095 -15.287961
163.603116 -14.296110
163.703224 -14.874701
163.783310 -15.481025
163.803332 -14.544082
163.893428 -14.744908
163.903442 -14.626737
163.983525 -14.461425
164.003547 -15.040007
164.103667 -14.626737
164.188758 -14.598970
164.203774 -15.040007
164.303881 -15.370611
164.398992 -15.852938
164.419013 -15.783851
164.499106 -14.780424
164.514129 -14.130792
164.594211 -14.489192
164.614232 -14.461425
164.694318 -14.626737
164.719345 -14.957355
164.799433 -14.985121
164.814447 -14.626737
164.904545 -15.205310
164.999647 -15.357051
165.019671 -15.535909
165.099764 -15.158173
165.114777 -15.453260
165.199877 -15.191750
165.219898 -14.378768
165.299987 -14.390391
165.320006 -14.296110
165.415108 -14.626737
165.515216 -14.461425
165.595304 -14.378768
165.615326 -14.626737
165.715437 -13.552160
165.795526 -13.717486
165.815544 -13.882811
165.900636 -13.753006
165.920657 -13.552160
165.995738 -13.745256
166.015759 -14.626737
166.115878 -13.717486
166.195977 -13.607054
166.215998 -13.882811
166.316117 -13.882811
166.391198 -13.607054
166.416224 -14.709393
166.516332 -14.048132
166.591424 -13.910580
166.616451 -15.205310
166.716570 -13.469495
166.796656 -14.048132
166.816678 -12.890826
166.916788 -13.552160
167.006889 -13.441725
167.026910 -14.626737
167.107005 -13.114935
167.127026 -13.304164
167.207114 -12.697714
167.232143 -13.717486
167.307222 -13.906705
167.332249 -14.709393
167.407334 -13.924141
167.427355 -14.461425
167.507441 -13.505015
167.527467 -12.477471
167.607549 -13.414600
167.627570 -12.973495
167.707661 -13.540535
167.727683 -13.056163
167.807769 -13.745256
167.827790 -12.808156
167.907885 -13.292539
167.927906 -12.560143
168.002986 -13.579929
168.028014 -13.138831
168.123116 -13.882811
168.203206 -13.249269
168.223228 -14.213451
168.323335 -13.469495
168.403426 -13.152393
168.423443 -13.056163
168.523550 -13.552160
168.603636 -12.835928
168.623661 -13.221498
168.718761 -12.571769
168.738782 -11.733391
168.823881 -12.146775
168.924003 -12.253348
168.944025 -12.560143
169.024112 -12.146775
169.119213 -12.253348
169.139235 -12.560143
169.209310 -11.926521
169.234337 -12.146775
169.329440 -11.650712
169.414537 -12.146775
169.429553 -11.816069
169.534673 -11.568032
169.614752 -11.885182
169.629768 -11.898746
169.734888 -11.402671
169.814967 -11.981423
169.829983 -12.064100
169.930103 -12.477471
170.010205 -11.195966
170.030226 -12.146775
170.135345 -11.237308
170.210420 -11.802504
170.230441 -10.658514
170.330549 -11.319990
170.410635 -11.568032
170.430659 -11.319990
170.530764 -11.071941
170.610851 -11.870972
170.650893 -12.725486
170.730980 -11.520879
170.751001 -12.394798
170.831087 -11.402671
170.926190 -11.261208
170.951217 -10.658514
171.026297 -11.457577
171.046319 -10.741201
171.126409 -11.142998
171.146431 -11.898746
171.226528 -11.141060
171.246556 -10.741201
171.326645 -10.847788
171.346667 -10.575827
171.436763 -10.658514
171.536888 -11.981423
171.616974 -11.416236
171.636995 -11.485352
171.737110 -11.650712
171.837218 -11.319990
171.857239 -11.816069
171.942346 -10.823887
172.037457 -10.947915
172.057479 -11.650712
172.137566 -10.930474
172.157586 -11.071941
172.237687 -11.085507
172.257709 -11.071941
172.337796 -11.178525
172.357819 -11.319990
172.452922 -11.319990
172.538013 -11.048041
172.553029 -10.658514
172.638121 -11.044165
172.653137 -9.170041
172.733223 -11.024786
172.753245 -8.839240
172.833331 -11.044165
172.858359 -10.823887
172.933441 -10.799986
172.958469 -12.973495
173.033567 -10.438229
173.053584 -13.304164
173.138677 -11.060314
173.153692 -10.741201
173.233778 -10.920138
173.253802 -9.831611
173.338897 -10.209540
173.353913 -10.245071
173.434001 -10.810321
173.454023 -10.658514
173.539118 -11.071941
173.554133 -10.906573
173.639225 -11.622937
173.654241 -9.996997
173.739332 -10.977630
173.759353 -9.335437
173.834441 -11.195966
173.854462 -11.237308
173.954569 -11.402671
174.034655 -11.719826
174.054679 -12.394798
174.154796 -12.146775
174.234896 -11.664276
174.254917 -11.898746
174.355025 -10.989257
174.435111 -11.444012
174.455132 -11.898746
174.545229 -11.874847
174.570257 -12.312124
174.645349 -11.816069
174.665370 -11.568032
174.750462 -11.922645
174.770483 -12.312124
174.845564 -11.678487
174.865586 -11.816069
174.950687 -11.532506
174.970709 -11.071941
175.050802 -11.554468
175.070823 -11.071941
175.150920 -11.284462
175.170945 -10.658514
175.251031 -10.893007
175.271049 -10.989257
175.346140 -10.658514
175.371166 -10.823887
175.446253 -10.341327
175.471280 -11.898746
175.551366 -10.126849
175.571388 -11.154625
175.646468 -10.548049
175.671496 -9.666222
175.751582 -10.386548
175.771603 -9.748917
175.846687 -10.672080
175.871714 -10.410450
175.946791 -10.174009
175.966813 -13.138831
176.041896 -9.886525
176.061918 -13.138831
176.162023 -11.237308
176.242109 -10.479573
176.262131 -9.335437
176.362238 -9.500831
176.442328 -10.355539
176.462350 -9.418135
176.567463 -10.575827
176.642544 -9.900737
176.662566 -8.343019
176.762673 -9.418135
176.842779 -9.500831
176.862794 -10.162380
176.967907 -10.658514
177.053010 -9.115124
177.078037 -9.583527
177.153118 -8.910312
177.173140 -9.335437
177.258231 -9.445916
177.273247 -9.831611
177.358340 -9.465298
177.373355 -9.748917
177.453454 -9.542179
177.473476 -8.673836
177.553562 -9.382601
177.578589 -8.177607
177.658675 -9.652655
177.673691 -8.094900
177.778814 -8.094900
177.853910 -9.748917
177.873931 -11.071941
177.974048 -10.079689
178.054144 -9.073774
178.074166 -9.666222
178.179290 -9.252740
178.254370 -9.349005
178.274392 -9.418135
178.379505 -8.839240
178.454586 -9.018210
178.474607 -9.831611
178.569711 -10.245071
178.649796 -8.867023
178.669817 -9.748917
178.769925 -8.591133
178.870033 -8.577564
178.895060 -7.681355
178.970141 -8.472892
178.990162 -8.012192
179.070248 -8.894159
179.090270 -9.252740
179.170356 -8.898036
179.190377 -9.583527
179.270463 -8.577564
179.290485 -8.177607
179.370571 -8.284221
179.390604 -8.260314
179.470690 -8.494860
179.495717 -8.921941
179.570798 -8.768168
179.585824 -8.839240
179.665910 -8.425725
179.685932 -9.418135
179.766018 -8.567226
179.786039 -8.177607
179.866126 -8.288098
179.886147 -8.508429
179.966233 -8.059362
179.986255 -7.764065
180.066342 -7.805420
180.086377 -8.012192
180.166463 -7.811236
180.191498 -7.929484
180.266579 -7.888130
180.286612 -7.929484
180.386720 -6.854215
180.466806 -7.461006
180.486827 -6.936932
180.581929 -7.267793
180.682037 -7.433220
180.782145 -7.433220
180.862231 -7.846775
180.882252 -8.756538
180.982360 -8.756538
181.062447 -7.515932
181.102490 -7.185079
181.182576 -7.232252
181.197592 -7.350507
181.277678 -7.612214
181.297705 -6.027010
181.377791 -7.279425
181.397822 -6.192456
181.477909 -7.419650
181.497930 -7.515932
181.593044 -7.433220
181.673130 -6.509770
181.693151 -6.606061
181.793259 -7.019648
181.873345 -6.909145
181.893366 -7.350507
181.993475 -6.275178
182.068555 -6.909145
182.093591 -6.357900
182.188693 -6.688779
182.273785 -6.481981
182.288801 -7.102364
182.388909 -7.267793
182.468995 -6.220246
182.489016 -8.094900
182.589124 -6.936932
182.669210 -6.495552
182.709253 -5.696109
182.789340 -6.523341
182.889447 -5.778835
182.989555 -6.440621
183.074647 -6.151095
183.109684 -6.440621
183.194776 -5.861561
183.289878 -5.820198
183.309901 -5.447927
183.389986 -5.720022
183.410008 -5.530655
183.490103 -5.916495
183.510124 -5.861561
183.600236 -6.688779
183.680322 -6.013438
183.700344 -6.606061
183.800452 -6.027010
183.880538 -5.709682
183.900570 -5.530655
184.005683 -5.778835
184.080764 -5.737473
184.100785 -5.530655
184.200893 -5.282469
184.285985 -5.171947
184.301001 -5.447927
184.401108 -5.613383
184.481195 -5.599810
184.501216 -5.696109
184.601328 -5.447927
184.681414 -5.434354
184.701440 -5.613383
184.806549 -5.447927
184.886639 -5.875133
184.906661 -5.778835
185.006772 -6.275178
185.086858 -5.613383
185.101874 -5.282469
185.201994 -5.034277
185.282081 -4.786079
185.302102 -5.282469
185.402210 -4.951545
185.482296 -4.675551
185.502325 -4.868812
185.602433 -4.703345
185.632466 -4.951545
185.702541 -4.951545
185.802649 -4.762163
185.822670 -4.620610
185.902760 -4.482933
185.922782 -4.951545
186.002868 -4.750529
186.022890 -4.868812
186.102976 -4.716918
186.122998 -4.372402
186.203107 -4.703345
186.223120 -5.034277
186.303206 -4.827445
186.323227 -4.786079
186.403313 -4.479055
186.423335 -4.372402
186.503421 -4.055023
186.523443 -4.620610
186.603529 -4.313581
186.623550 -4.289665
186.703637 -4.179132
186.728664 -3.875969
186.803744 -3.887604
186.818761 -3.710485
186.903865 -3.945135
186.918882 -3.296766
187.003976 -3.509446
187.023994 -2.717532
187.104089 -3.531425
187.124110 -3.214020
187.204196 -3.616107
187.239234 -4.041449
187.304312 -3.986505
187.319329 -4.041449
187.419452 -3.875969
187.499549 -3.682689
187.519571 -3.627743
187.619679 -3.462256
187.699765 -2.717532
187.719787 -3.462256
187.819894 -3.214020
187.899980 -2.855232
187.920002 -3.627743
188.020110 -3.131274
188.100196 -3.103476
188.120218 -2.965779
188.225331 -2.552030
188.300412 -2.524231
188.320433 -2.386526
188.420541 -3.296766
188.500627 -3.007153
188.520649 -4.041449
188.620767 -3.296766
188.700853 -2.427902
188.725881 -2.386526
188.820983 -1.889998
188.901082 -2.634781
188.921104 -2.883030
189.021212 -2.469278
189.101311 -2.883030
189.121331 -2.386526
189.226458 -1.393446
189.321561 -1.972754
189.421680 -2.386526
189.441701 -2.552030
189.521788 -2.497078
189.541809 -1.889998
189.621909 -1.831163
189.641931 -1.393446
189.722017 -1.848619
189.742039 -1.972754
189.827131 -1.889998
189.922240 -1.835042
189.942261 -1.558966
190.037375 -1.558966
190.117461 -1.517586
190.137483 -1.972754
190.222574 -1.523405
190.242596 -1.724483
190.317677 -1.710906
190.337698 -1.558966
190.417785 -1.535043
190.437806 -1.807241
190.517892 -1.696681
190.537918 -1.889998
190.638022 -1.558966
190.718108 -2.027709
190.738135 -1.889998
190.838241 -1.724483
190.918328 -1.710906
190.938349 -1.310685
191.038457 -1.393446
191.118543 -1.462628
191.143570 -1.476206
191.243678 -1.145161
191.318759 -0.993213
191.338780 -1.558966
191.438896 -1.062398
191.513969 -1.131583
191.538999 -1.310685
191.649115 -1.227923
191.729213 -0.855488
191.749234 -1.227923
191.829320 -1.145161
191.849342 -1.145161
191.929430 -0.883292
191.949450 -1.062398
192.029544 -0.967996
192.049567 -1.227923
192.129653 -1.021016
192.149674 -1.145161
192.229772 -0.648574
192.249793 -0.565807
192.329890 -0.759144
192.349911 -0.648574
192.429998 -0.684137
192.450021 -0.317502
192.530105 -0.386692
192.550127 -0.648574
192.630213 -0.424196
192.665251 -0.234733
192.725315 -0.455234
192.750342 -0.648574
192.845445 -0.234733
192.925531 -0.483039
192.950558 -0.317502
193.050671 -0.151963
193.130764 -0.455234
193.145780 -0.565807
193.250903 -0.234733
193.325984 -0.221153
193.346006 -0.400271
193.441109 0.841331
193.526201 -0.331081
193.551228 1.089669
193.646335 0.510222
193.741437 -0.096998
193.756453 -0.565807
193.841549 0.309105
193.856565 0.344672
193.941661 0.303285
193.956677 0.013580
194.041768 0.356312
194.056784 0.261898
194.136874 0.482415
194.156895 0.013580
194.236981 0.368599
194.262009 0.179125
194.337090 0.386059
194.362116 0.179125
194.437197 -0.021986
194.457219 -0.069192
194.537305 0.000000
194.562332 0.675775
194.637420 0.534150
194.657443 1.089669
194.727518 0.316865
194.752544 0.344672
194.847647 0.190765
194.867668 0.344672
194.927733 0.620806
194.967777 0.510222
195.047863 0.463014
195.067884 0.510222
195.147970 0.634387
195.167993 0.592998
195.243073 0.581358
195.263094 0.510222
195.338177 0.482415
195.358200 0.344672
195.443290 0.380239
195.458307 0.510222
195.543397 0.427447
195.558414 0.758553
195.658521 -0.234733
195.738609 0.703583
195.763634 0.427447
195.858737 1.006889
195.943829 0.896301
195.958849 1.172449
196.058954 1.255231
196.139041 0.993308
196.159066 0.675775
196.259169 0.924109
196.339255 0.854911
196.359277 0.924109
196.459384 0.841331
196.559496 1.089669
196.654598 1.065740
196.674620 0.841331
196.754706 1.283040
196.774727 1.089669
196.854818 1.172449
196.874839 1.089669
196.959931 0.675775
197.055033 1.231302
197.075055 1.172449
197.155141 1.144640
197.175163 1.586363
197.265272 1.420795
197.345369 1.462187
197.365391 1.006889
197.465509 1.503579
197.545595 1.392985
197.565616 1.503579
197.665724 1.255231
197.745811 1.614173
197.765832 1.503579
197.865940 1.751933
197.946026 1.876112
197.966048 1.172449
198.066156 1.799146
198.086178 1.669147
198.146248 1.889694
198.166264 1.586363
198.256361 2.201442
198.281387 2.497030
198.356477 2.262241
198.376498 1.917505
198.456584 2.024223
198.476606 2.497030
198.556692 2.165869
198.581719 2.083080
198.661805 2.189800
198.681827 2.000292
198.761920 2.096663
198.776937 1.586363
198.877046 2.414238
198.957131 2.013875
198.982158 1.751933
199.057239 2.248658
199.077260 2.414238
199.162352 2.662614
199.177368 3.324978
199.277481 2.579821
199.357567 2.649031
199.377589 2.497030
199.477697 2.828201
199.557787 2.442051
199.582814 1.917505
199.682922 2.165869
199.773019 2.442051
199.793040 3.159383
199.868121 2.769340
199.888144 3.324978
199.968229 2.856015
199.988251 2.993791
200.068337 2.804268
200.093368 2.579821
200.168449 2.814618
200.188471 2.248658
200.273562 2.544247
200.288579 2.497030
200.368665 2.262241
200.393692 2.331448
200.473778 2.520962
200.488800 2.165869
200.568886 2.427821
200.588912 2.165869
200.668994 2.438170
200.694031 2.083080
200.759102 2.220846
200.789134 2.083080
200.869220 2.201442
200.889251 2.497030
200.969337 2.055269
200.989359 2.662614
201.069445 2.237016
201.089468 1.834718
201.169554 2.124474
201.189575 2.579821
201.269661 2.295874
201.289682 2.331448
201.369770 2.552009
201.389798 1.917505
201.489898 2.414238
201.569984 2.634801
201.590007 2.248658
201.690115 2.745407
201.765198 2.427821
201.785218 2.414238
201.890329 2.248658
201.970417 2.497030
201.985438 3.159383
202.085557 2.828201
202.170648 2.510613
202.185664 2.497030
202.285774 2.662614
202.365858 2.179451
202.385880 1.834718
202.485987 2.331448
202.566074 2.165869
202.591101 1.751933
202.686204 2.579821
202.771295 2.538425
202.786311 2.083080
202.886419 2.272589
202.906441 2.910996
202.986527 2.248658
203.086635 2.449813
203.106656 2.248658
203.186743 2.649031
203.206764 2.745407
203.281849 2.414238
203.301873 2.000292
203.381959 1.848301
203.401988 1.669147
203.482074 2.071438
203.507116 1.751933
203.582197 2.220846
203.602219 1.586363
203.702326 2.414238
203.787418 2.386426
203.802434 2.083080
203.902543 1.669147
203.982628 2.303636
204.002658 2.165869
204.082744 2.603754
204.102775 2.662614
204.182861 3.228596
204.202883 2.497030
204.302991 2.165869
204.383077 2.276470
204.403099 2.165869
204.483185 2.224727
204.503207 2.828201
204.583293 2.510613
204.603314 3.076586
204.703429 2.165869
204.783515 2.207263
204.803537 2.248658
204.903651 2.165869
204.983738 2.414238
205.003759 2.662614
205.098861 1.917505
205.183953 2.055269
205.203975 2.331448
205.294072 2.024223
205.314094 2.083080
205.394185 1.972481
205.414206 1.669147
205.494300 2.035865
205.514322 1.917505
205.594414 1.945316
205.614436 1.669147
205.694522 1.870291
205.714543 1.834718
205.794630 1.821136
205.814651 2.414238
205.894738 2.083080
205.914760 1.834718
205.994852 1.793325
206.014873 2.000292
206.094959 1.775863
206.114981 1.917505
206.195068 1.696958
206.215089 2.083080
206.305186 1.089669
206.405294 1.310203
206.430321 1.338013
206.505402 1.621934
206.525423 1.420795
206.585488 1.489997
206.625531 1.172449
206.705618 1.172449
206.725639 0.924109
206.805732 1.200259
206.825753 1.669147
206.905839 1.680789
206.925861 1.751933
207.005950 1.213840
207.025969 0.841331
207.106055 0.852971
207.126077 1.172449
207.206163 0.924109
207.226187 1.420795
207.306271 1.018530
207.321287 2.165869
207.401374 1.338013
207.426409 1.917505
207.501482 1.539150
207.521503 1.917505
207.606595 2.138057
207.626617 1.586363
207.706711 2.130295
207.726732 2.083080
207.796817 2.083080
207.816839 1.669147
207.916954 1.503579
207.997040 1.489997
208.017062 0.841331
208.117169 1.586363
208.197256 1.296622
208.217277 1.338013
208.307375 1.160808
208.327396 1.255231
208.407493 0.965499
208.427511 0.841331
208.507601 0.722984
208.527619 0.261898
208.607705 0.551610
208.627728 1.089669
208.707813 0.817402
208.727835 0.096352
208.807921 0.717164
208.827943 0.427447
208.908034 0.403520
208.928056 -0.069192
209.008142 0.027159
209.028164 -0.317502
209.108256 -0.080831
209.128277 -0.814105
209.208365 -0.041386
209.228386 -1.310685
209.318483 -0.116397
209.338504 -0.151963
209.418590 0.538030
209.438612 0.510222
209.518698 0.699703
209.538720 0.179125
209.603790 0.441027
209.638828 0.841331
209.718932 0.261898
209.738957 0.758553
209.804037 -0.082771
209.839075 0.924109
209.924167 1.006889
210.004253 0.647967
210.039293 -0.151963
210.119386 0.427447
210.144414 0.261898
210.224507 0.427447
210.314605 0.581358
210.334626 1.089669
210.414713 0.234091
210.434734 1.006889
210.514825 0.545790
210.534847 0.592998
210.614933 0.647967
210.634955 0.344672
210.735063 0.261898
210.825160 0.275478
210.850187 0.675775
210.925274 0.604639
210.945295 0.427447
211.025390 0.344672
211.125498 0.722984
211.145519 0.427447
211.225606 0.620806
211.245627 0.344672
211.325719 0.569071
211.345740 0.675775
211.425827 0.220511
211.445848 0.179125
211.525935 0.285825
211.545956 0.096352
211.626043 0.427447
211.646064 -0.151963
211.726150 0.368599
211.746175 0.096352
211.831264 -0.069192
211.926366 -0.577446
211.946388 -0.400271
212.026474 -0.441655
212.046496 0.261898
212.126582 0.025220
212.146609 0.261898
212.226697 0.413867
212.246712 0.344672
212.326812 0.190765
212.346825 0.013580
212.426912 0.041386
212.446933 0.013580
212.527027 -0.045266
212.547048 -0.483039
212.627136 -0.082771
212.647156 -0.151963
212.727246 0.273538
212.747268 0.427447
212.827354 0.386059
212.847375 0.344672
212.947483 0.924109
213.027576 0.344672
213.047597 0.013580
213.147711 0.510222
213.227804 0.165545
213.247824 0.096352
213.327911 0.179125
213.347932 -0.234733
213.428018 0.082772
213.443035 0.510222
213.548148 -0.400271
213.623235 -0.027806
213.648262 -0.483039
213.748375 0.261898
213.823456 -0.069192
213.853489 0.924109
213.938580 0.380239
213.958602 0.344672
214.038688 -0.069192
214.058710 -0.234733
214.138796 0.025220
214.158818 -0.069192
214.233909 -0.041386
214.258935 -0.151963
214.334016 -0.140323
214.364049 -0.151963
214.434124 0.179125
214.459151 0.261898
214.539238 0.273538
214.554254 -0.069192
214.634347 0.096352
214.654369 0.344672
214.734459 -0.175888
214.759487 0.261898
214.834567 -0.055612
214.864599 0.261898
214.939681 0.226331
214.959703 0.592998
215.034783 0.179125
215.054805 -0.400271
215.159918 -1.145161
215.234998 -0.827684
215.255021 -0.814105
215.370145 -0.483039
215.435215 -0.496618
215.455237 0.013580
215.555346 0.013580
215.630432 -0.014226
215.655453 0.758553
215.750561 1.006889
215.830647 1.061860
215.850669 0.510222
215.950777 0.333032
215.975804 0.427447
216.035869 0.744972
216.070907 0.841331
216.150993 1.255231
216.251112 0.799941
216.271134 0.675775
216.351220 1.054099
216.391263 1.255231
216.436317 1.572781
216.476355 1.586363
216.556441 0.924109
216.656549 1.669147
216.751661 1.409154
216.776686 1.751933
216.851769 1.365822
216.871789 1.420795
216.951883 1.089669
216.976910 1.255231
217.056996 1.020470
217.077018 1.420795
217.152099 1.444725
217.177126 1.172449
217.252218 1.034697
217.277245 0.924109
217.352329 1.148520
217.372351 1.172449
217.447435 1.117478
217.467457 0.592998
217.547544 1.172449
217.567565 1.834718
217.647651 1.255231
217.667673 1.255231
217.767781 1.006889
217.847873 1.089669
217.867894 1.420795
217.962997 1.503579
218.043084 1.213840
218.068110 1.172449
218.168218 1.172449
218.248304 1.365822
218.268326 1.089669
218.368435 1.172449
218.443515 1.117478
218.468542 1.420795
218.563644 1.669147
218.663752 1.751933
218.763861 1.089669
218.843947 1.324431
218.883996 0.924109
218.959071 1.621934
218.979092 2.083080
219.054174 1.696958
219.079200 2.414238
219.174305 1.586363
219.259400 2.676197
219.274416 2.083080
219.374524 1.006889
219.459624 1.889694
219.479645 1.338013
219.574756 2.745407
219.654843 1.076088
219.679869 2.745407
219.774974 2.910996
219.855058 1.117478
219.875080 0.841331
219.970182 0.995248
219.990205 1.338013
220.070290 1.310203
220.090316 1.917505
220.170399 1.266872
220.195430 2.000292
220.255490 1.448605
220.290528 1.586363
220.370614 1.728002
220.390642 0.758553
220.470728 1.958899
220.490750 1.586363
220.570836 2.000292
220.590858 2.000292
220.670945 2.138057
220.690973 2.083080
220.771060 1.834718
220.791081 1.669147
220.871168 2.165869
220.891189 2.414238
220.971275 2.000292
220.991303 2.248658
221.066384 1.765515
221.091411 2.083080
221.166492 2.035865
221.186525 2.828201
221.266612 2.220846
221.286640 2.662614
221.366726 2.532604
221.386748 2.414238
221.466834 2.386426
221.486856 2.497030
221.586968 2.662614
221.662050 2.938809
221.687075 3.242180
221.787187 2.993791
221.867273 2.965977
221.887295 3.242180
221.987403 2.745407
222.067489 3.172967
222.087512 3.159383
222.182613 1.586363
222.262700 3.035188
222.282721 1.089669
222.382830 3.076586
222.462919 2.910996
222.487945 3.242180
222.583051 2.993791
222.663131 2.814618
222.683153 3.324978
222.788272 4.152992
222.863353 3.656176
222.883379 4.235797
222.983487 3.490575
223.003509 3.076586
223.063574 3.159383
223.083595 2.993791
223.183708 3.703398
223.203725 3.407776
223.263790 3.932397
223.303833 3.242180
223.383919 4.046252
223.403941 2.993791
223.489035 4.567024
223.584135 3.869002
223.604157 3.821778
223.684243 4.429227
223.704265 4.484216
223.784352 3.904581
223.804373 5.229509
223.884459 3.642591
223.909491 5.146696
223.984567 4.342539
224.004589 5.809217
224.084675 4.512034
224.104697 4.484216
224.184784 5.016655
224.204805 5.892036
224.284891 4.856856
224.304925 5.395136
224.385011 5.016655
224.405033 4.815450
224.480114 5.050297
224.500135 3.987384
224.580222 4.791513
224.600243 4.898261
224.685335 4.346420
224.700368 3.904581
224.800483 4.070188
224.880569 3.793962
224.905597 2.993791
225.000700 4.070188
225.080786 3.849595
225.100807 5.560767
225.200916 4.152992
225.281003 4.249382
225.306031 3.242180
225.401131 2.414238
225.496233 4.194394
225.511252 2.000292
225.596341 3.762911
225.611357 2.745407
225.696450 4.649832
225.711467 3.242180
225.796557 3.738977
225.811574 3.738977
225.891660 4.222212
225.916688 4.981072
225.991768 3.975740
226.011791 3.656176
226.091882 4.028786
226.111904 3.738977
226.191990 4.259733
226.212012 4.898261
226.292098 5.491538
226.312120 5.146696
226.392206 5.347906
226.417233 3.738977
226.497319 5.201688
226.517341 4.484216
226.597431 5.158341
226.617450 4.318603
226.697535 5.077470
226.717557 3.904581
226.797644 4.791513
226.817665 4.981072
226.897752 5.698579
226.912768 5.146696
227.012876 5.229509
227.097968 5.367316
227.112984 5.312322
227.198076 5.833157
227.218097 5.146696
227.293178 5.739987
227.318205 5.395136
227.398297 5.596352
227.413313 5.312322
227.498416 5.229509
227.513433 4.732641
227.613540 4.401409
227.693634 4.829037
227.713653 4.567024
227.813762 5.395136
227.893848 6.126906
227.913869 5.809217
228.013992 6.554605
228.094093 6.112672
228.114114 6.720254
228.214222 5.809217
228.294310 6.526781
228.314330 6.140494
228.414445 6.720254
228.504541 5.754221
228.529568 4.981072
228.604656 5.868096
228.624676 5.146696
228.704763 6.251138
228.724786 6.968732
228.804876 6.507369
228.824897 7.631370
228.904984 6.706665
228.930011 9.205303
229.005092 7.252807
229.025113 7.217216
229.105200 6.899494
229.125221 7.300046
229.205308 6.247255
229.225330 5.892036
229.305416 6.306136
229.325437 6.885905
229.425555 7.382876
229.515649 7.879870
229.615757 7.441763
229.635778 7.217216
229.715865 7.134387
229.735886 6.885905
229.815973 7.169978
229.835994 7.382876
229.916089 7.245042
229.936112 7.134387
230.016198 7.524594
230.036221 8.211212
230.116305 7.355050
230.136330 7.879870
230.216413 7.572481
230.236435 8.045540
230.316521 7.520711
230.336546 7.217216
230.421640 7.241159
230.436657 7.051559
230.506740 7.507122
230.526761 6.140494
230.626873 7.382876
230.706959 7.686376
230.726981 7.548538
230.827089 7.962704
230.907176 7.893460
230.927197 7.051559
231.012295 7.962704
231.027311 8.211212
231.112403 8.473317
231.127419 8.791087
231.227527 8.376888
231.307614 8.321878
231.327635 8.459726
231.427744 8.128376
231.517852 7.548538
231.542878 7.300046
231.622966 7.122740
231.642987 6.306136
231.723084 7.520711
231.743102 7.382876
231.823196 7.844277
231.843218 8.211212
231.923308 8.183384
231.943330 7.962704
232.028433 8.956772
232.123535 8.446135
232.143557 8.459726
232.223643 8.412482
232.243665 8.873929
232.323751 8.266221
232.343773 6.388959
232.418854 8.021595
232.443888 8.459726
232.533978 8.956772
232.639092 8.625405
232.719178 8.280459
232.734194 7.797036
232.834302 8.791087
232.919394 9.094628
232.939416 9.205303
233.034531 8.791087
233.119620 9.177473
233.134635 9.536688
233.239748 9.039615
233.314829 9.923101
233.339855 9.536688
233.434958 10.613761
233.515050 10.585927
233.540077 9.785233
233.640184 10.779475
233.715270 10.875926
233.735291 12.105277
233.835399 11.359493
233.855421 12.685369
233.915493 10.683024
233.940520 12.353884
234.050638 12.105277
234.130725 10.365196
234.150746 9.288148
234.230848 10.293993
234.250869 10.779475
234.330956 10.434457
234.350980 10.530905
234.436070 10.613761
234.451092 10.779475
234.531173 10.517312
234.556199 10.448050
234.631280 10.815078
234.651302 11.359493
234.731389 10.779475
234.751411 11.276631
234.831496 11.276631
234.851518 11.442355
234.931611 10.986620
234.951633 10.945191
235.036725 10.933539
235.066757 10.779475
235.126822 10.655189
235.146843 10.779475
235.246963 10.779475
235.327049 10.668783
235.347071 9.205303
235.447190 9.950934
235.527277 11.110910
235.547297 10.448050
235.647406 11.773811
235.727493 11.414518
235.747514 10.448050
235.847621 11.939543
235.927709 11.193770
235.947730 11.442355
236.042833 11.110910
236.077872 11.276631
236.137936 10.958785
236.157958 10.862332
236.258065 11.442355
236.338151 11.152340
236.353169 12.022410
236.453275 11.442355
236.538368 11.138745
236.558389 11.028050
236.658497 11.442355
236.738584 11.248795
236.753600 11.276631
236.858715 11.276631
236.938800 11.304467
236.958823 11.856676
237.053929 12.271014
237.139015 11.180176
237.159038 11.276631
237.259155 11.856676
237.339257 11.138745
237.354273 11.690946
237.454390 11.773811
237.539482 11.359493
237.554498 10.530905
237.649601 11.099257
237.674627 10.033785
237.749710 11.304467
237.769730 11.608082
237.849818 11.004098
237.869840 10.779475
237.949930 10.945191
237.969951 10.116637
238.050044 10.459702
238.070065 10.282342
238.150152 10.696618
238.170174 11.276631
238.255270 10.779475
238.275291 10.862332
238.350372 11.083074
238.370394 11.856676
238.455494 11.371145
238.470510 11.359493
238.550596 11.152340
238.570619 11.028050
238.665726 11.276631
238.750829 11.732378
238.765845 13.099740
238.865959 11.525218
238.946045 11.553055
238.966067 11.525218
239.066175 11.773811
239.146261 11.097315
239.166283 10.365196
239.271397 9.453841
239.346478 11.276631
239.366499 11.773811
239.466607 12.105277
239.541689 11.608082
239.561710 11.773811
239.666824 11.276631
239.746910 11.718783
239.766932 11.690946
239.862036 11.608082
239.887061 11.856676
239.962142 11.580244
239.987169 11.773811
240.067256 11.359493
240.162358 11.193770
240.182380 11.359493
240.262467 11.276631
240.282490 11.110910
240.362575 11.538813
240.382596 10.945191
240.462692 11.690946
240.482713 11.525218
240.562803 11.511623
240.582825 11.690946
240.662918 11.549171
240.682940 12.353884
240.763038 11.483786
240.783060 12.851115
240.863153 11.549171
240.878162 11.773811
240.963254 10.917355
240.983276 11.110910
241.063371 10.897936
241.083393 10.199489
241.158473 11.152340
241.178495 11.525218
241.278603 11.773811
241.358689 11.373087
241.378711 11.525218
241.478819 11.028050
241.553900 11.497381
241.578927 11.525218
241.669035 11.383445
241.689056 11.359493
241.769143 11.538813
241.789170 10.696618
241.869257 11.229374
241.889278 11.110910
241.969365 10.986620
241.989386 10.945191
242.069473 11.347840
242.089499 11.110910
242.174591 11.760216
242.189615 11.773811
242.269701 12.069670
242.289722 12.353884
242.369808 12.063843
242.389841 12.933990
242.469928 11.845023
242.489950 11.608082
242.570036 11.414518
242.590057 11.359493
242.670147 11.549171
242.695171 12.271014
242.770252 11.843081
242.795279 12.519625
242.870360 12.129231
242.890391 12.933990
242.970477 11.732378
242.990498 11.690946
243.070586 11.477960
243.095619 11.939543
243.170699 11.387329
243.190721 11.028050
243.270807 11.229374
243.295834 10.945191
243.370915 10.862332
243.390944 10.033785
243.471031 10.696618
243.491052 11.110910
243.571140 10.848739
243.591161 11.193770
243.681258 10.969142
243.706285 11.276631
243.766351 11.248795
243.786375 10.945191
243.886479 11.608082
243.966567 11.290225
243.986599 10.116637
244.086715 10.448050
244.171808 10.751640
244.206861 11.110910
244.286948 10.862332
244.387056 10.807310
244.402072 10.779475
244.487164 10.873984
244.502180 10.779475
244.582266 10.655189
244.602288 10.116637
244.682374 10.921239
244.702396 11.110910
244.782483 10.793068
244.802511 11.276631
244.887603 11.086958
244.902619 11.359493
244.982706 10.958785
245.002728 11.110910
245.082814 10.886284
245.102836 10.779475
245.177917 10.544499
245.197938 10.530905
245.298056 10.779475
245.378142 9.909508
245.398164 10.116637
245.498272 9.868083
245.578359 10.875926
245.598386 10.530905
245.683478 10.412449
245.698509 10.199489
245.778595 10.282342
245.798618 9.702384
245.898731 10.613761
245.978818 10.337362
245.998844 10.945191
246.098954 11.939543
246.179039 10.103044
246.199061 9.868083
246.299170 11.442355
246.379256 10.848739
246.399277 11.276631
246.499406 10.779475
246.594505 9.840251
246.619532 9.536688
246.689612 10.412449
246.709639 10.696618
246.789721 10.668783
246.809742 10.282342
246.889829 10.152237
246.909850 10.530905
246.989937 10.393030
247.009959 10.613761
247.090045 10.578159
247.110069 10.530905
247.190153 10.378789
247.210175 9.785233
247.310283 9.950934
247.390369 10.310176
247.410391 10.199489
247.510499 11.193770
247.590585 10.047378
247.610607 11.773811
247.710720 11.276631
247.790811 9.357402
247.810833 9.122459
247.905935 9.288148
247.991027 9.757401
248.011050 9.205303
248.111167 8.294050
248.191253 9.026023
248.211275 10.530905
248.311383 11.525218
248.391478 8.804678
248.411495 11.276631
248.511599 8.542565
248.591686 8.804678
248.611707 8.708246
248.711816 9.868083
248.791902 9.094628
248.811924 8.625405
248.917037 8.625405
248.987122 9.715977
249.012149 9.288148
249.107252 9.205303
249.212371 7.797036
249.312480 9.039615
249.392574 9.218895
249.412596 8.376888
249.507699 8.435781
249.527720 9.122459
249.607807 8.307640
249.632833 8.294050
249.707926 8.258455
249.732953 9.122459
249.808034 9.094628
249.828055 9.702384
249.923160 9.039615
250.003247 8.252631
250.023269 8.128376
250.103360 7.619721
250.123388 7.217216
250.203473 8.100548
250.223495 8.045540
250.308587 8.554215
250.328608 9.702384
250.403689 8.390478
250.438727 7.797036
250.518814 7.465706
250.598900 8.542565
250.618922 8.873929
250.714025 8.625405
250.739051 8.045540
250.799116 8.570394
250.819138 6.637429
250.914241 7.643018
250.944273 7.714202
250.999351 8.583985
251.019371 9.702384
251.114474 8.495321
251.139501 9.536688
251.219588 8.211212
251.319696 8.246806
251.334712 8.459726
251.419812 7.921287
251.444841 8.791087
251.529938 8.294050
251.605019 7.617780
251.625041 8.294050
251.725149 8.376888
251.805235 7.962704
251.830263 8.128376
251.925368 7.714202
252.020480 8.114785
252.035496 6.803079
252.120605 7.927111
252.140626 8.211212
252.215708 8.100548
252.235729 7.714202
252.320821 7.761443
252.340843 8.791087
252.420929 7.686376
252.440952 7.631370
252.531055 8.542565
252.611142 7.548538
252.631164 7.465706
252.731272 8.294050
252.811377 7.051559
252.831399 8.956772
252.931505 7.465706
253.011591 6.471781
253.031613 6.885905
253.131722 7.465706
253.211808 6.623841
253.231829 7.714202
253.331950 7.465706
253.412035 6.789491
253.432064 5.395136
253.532165 6.223315
253.627268 6.029852
253.652295 6.057674
253.732381 6.637429
253.827484 6.140494
253.852511 5.395136
253.932614 5.560767
254.027716 5.671404
254.047738 5.229509
254.127826 5.868096
254.147851 5.395136
254.227936 6.333959
254.247957 4.732641
254.328062 5.726400
254.348084 4.815450
254.433175 5.933445
254.448195 7.217216
254.533299 6.069321
254.553320 6.057674
254.633420 5.754221
254.648434 6.471781
254.733526 5.477951
254.748546 3.821778
254.828645 5.367316
254.848667 4.484216
254.928753 4.981072
254.948775 4.318603
255.023855 5.091703
255.043879 5.974854
255.143986 5.146696
255.224072 4.622013
255.249099 4.484216
255.349207 5.643583
255.429294 4.843270
255.444310 5.726400
255.544429 5.312322
255.624516 3.987384
255.649543 4.070188
255.744652 4.732641
255.824743 4.636246
255.844765 4.649832
255.944879 4.152992
256.024965 3.586960
256.044987 4.070188
256.150100 3.821778
256.225192 3.835363
256.245213 4.070188
256.350342 3.076586
256.425422 3.780377
256.445445 3.324978
256.555563 3.242180
256.635649 3.476991
256.655672 3.904581
256.755780 4.649832
256.835866 3.559791
256.855888 1.503579
256.961002 2.248658
257.036083 2.786804
257.056103 2.165869
257.156225 3.821778
257.236305 3.172967
257.261333 3.242180
257.356435 2.248658
257.436521 2.359260
257.456545 2.993791
257.556651 2.083080
257.631732 2.372843
257.651754 2.993791
257.751876 2.497030
257.831964 2.442051
257.851985 1.586363
257.952093 2.248658
258.052201 2.055269
258.072222 2.000292
258.152314 2.224727
258.172336 2.579821
258.252423 2.028104
258.272445 1.669147
258.352531 1.905863
258.372552 1.669147
258.452639 1.821136
258.472660 1.089669
258.542739 1.870291
258.567763 1.669147
258.647850 1.655565
258.667871 1.089669
258.767979 1.089669
258.843060 1.268812
258.868088 2.331448
258.948174 1.184090
258.968196 2.579821
259.048290 1.255231
259.068311 2.248658
259.168419 0.841331
259.243511 1.503579
259.263532 1.006889
259.363640 0.924109
259.443734 1.310203
259.463755 1.338013
259.558858 1.420795
259.658976 1.103250
259.678997 2.000292
259.759083 1.491937
259.779105 1.006889
259.859192 0.427447
259.959309 1.054099
259.979321 0.675775
260.059408 0.675775
260.084441 1.089669
260.159533 1.243590
260.179555 1.917505
260.259642 0.869139
260.279663 2.165869
260.359750 1.550791
260.379771 1.255231
260.459869 1.048279
260.479891 0.344672
260.559984 0.592998
260.585011 1.006889
260.665098 0.675775
260.680114 0.592998
260.765213 0.640207
260.780229 1.089669
260.860316 0.827750
260.880337 0.344672
260.960424 0.581358
260.980445 1.089669
261.050521 0.924109
261.075552 0.427447
261.170651 0.758553
261.255744 0.372479
261.275765 0.427447
261.375889 1.006889
261.450970 0.413867
261.476005 -0.483039
261.571101 -0.565807
261.656192 0.551610
261.671208 0.344672
261.776330 -0.069192
261.851411 0.179125
261.871434 -0.234733
261.976546 -0.234733
262.066644 0.000000
262.086665 -0.151963
262.166752 0.001940
262.186773 -0.731340
262.266860 -0.055612
262.286882 0.261898
262.366968 0.049146
262.386996 -0.151963
262.467082 0.192705
262.487104 -0.151963
262.572196 -0.069192
262.672306 0.124158
262.687332 -0.069192
262.767418 0.167485
262.787452 -0.483039
262.872543 0.000000
262.887560 -0.400271
262.972652 -0.246372
262.987674 -0.648574
263.082777 -0.069192
263.182884 -0.317502
263.262975 -0.179768
263.282993 -0.400271
263.383109 -0.814105
263.463196 -0.441655
263.483218 -0.731340
263.583327 0.013580
263.663412 0.068546
263.688440 -0.400271
263.783542 -0.317502
263.863629 -0.593611
263.883650 -0.483039
263.983767 -0.400271
264.063853 -0.386692
264.088881 -0.483039
264.183983 -0.565807
264.264070 -0.538002
264.284091 -0.731340
264.384199 -0.731340
264.464286 -0.483039
264.484308 -0.317502
264.589444 -0.979634
264.679542 -0.772723
264.699576 -0.565807
264.784673 -0.636935
264.799684 -0.317502
264.884777 -0.620769
264.899792 -0.483039
264.984885 -0.506964
265.004905 -0.648574
265.095003 -0.814105
265.175090 -0.778542
265.195112 -0.648574
265.280204 -0.331081
265.300226 -0.565807
265.380312 -0.483039
265.400333 -0.234733
265.475419 -0.814105
265.500443 -0.565807
265.580532 -0.790181
265.605556 -0.731340
265.675632 -0.883292
265.695654 -0.896870
265.795769 -0.565807
265.880861 -0.676378
265.895877 -0.648574
266.000992 -0.731340
266.076072 -0.841909
266.101098 -0.896870
266.196201 -1.062398
266.276292 -0.814105
266.301315 -0.979634
266.396418 -0.979634
266.476505 -1.103780
266.496532 -0.814105
266.596645 -0.731340
266.681737 -0.924674
266.696758 -0.814105
266.796876 -1.145161
266.876962 -1.034595
266.896984 -1.393446
266.997096 -0.565807
267.077183 -0.979634
267.097206 -1.227923
267.192313 -0.896870
267.212338 -0.814105
267.292429 -0.951831
267.312450 -0.896870
267.392537 -1.074037
267.412565 -0.979634
267.492658 -1.131583
267.512678 -0.896870
267.592765 -1.038474
267.612787 -0.731340
267.687868 -1.034595
267.707890 -1.310685
267.802992 -1.227923
267.888084 -1.090201
267.908106 -0.979634
268.008214 -0.648574
268.088301 -1.048820
268.108323 -1.310685
268.203425 -1.227923
268.288527 -0.951831
268.303544 -0.731340
268.408666 -0.814105
268.483747 -1.075976
268.503769 -1.062398
268.608883 -0.731340
268.698980 -0.938252
268.719003 -0.979634
268.799088 -1.097960
268.814104 -1.062398
268.899196 -1.241501
268.914213 -1.393446
268.999322 -1.145161
269.014338 -0.979634
269.099430 -0.869066
269.114446 -1.393446
269.199538 -0.932433
269.214555 -0.648574
269.294641 -0.938252
269.314663 -0.896870
269.394749 -0.920794
269.414772 -0.979634
269.494857 -0.869066
269.514879 -0.979634
269.599972 -0.955711
269.619993 -0.979634
269.695074 -1.021016
269.715096 -1.062398
269.815204 -0.814105
269.895293 -0.869066
269.915314 -1.062398
270.015420 -0.814105
270.095507 -0.883292
270.115529 -1.062398
270.215637 -1.145161
270.295724 -0.966056
270.320751 -1.145161
270.415853 -0.814105
270.500962 -1.103780
270.515979 -1.062398
270.616090 -0.979634
270.706189 -1.021016
270.726211 -0.979634
270.806303 -0.932433
270.831330 -1.062398
270.906410 -0.910449
270.931439 -0.731340
271.011524 -0.908509
271.031546 -0.814105
271.106631 -1.158739
271.126653 -0.896870
271.206742 -0.885231
271.231767 -0.814105
271.311854 -0.689957
271.326873 -0.979634
271.406973 -0.684137
271.426995 -0.648574
271.507083 -0.924674
271.527103 -1.062398
271.607190 -1.026836
271.632217 -0.896870
271.707298 -0.800527
271.732325 -0.896870
271.827428 -0.731340
271.912520 -0.814105
271.927536 -1.062398
272.032650 -0.896870
272.107731 -0.814105
272.132758 -1.145161
272.222855 -0.896870
272.317958 -0.883292
272.337980 -1.062398
272.418066 -0.825744
272.443094 -0.483039
272.518181 -0.993213
272.538202 -0.896870
272.618289 -1.026836
272.638309 -0.896870
272.718396 -0.731340
272.738419 -0.814105
272.818505 -0.872946
272.838527 -0.565807
272.918612 -0.896870
272.938635 -0.648574
273.018723 -0.955711
273.038743 -0.565807
273.118830 -0.966056
273.138851 -0.896870
273.218939 -0.920794
273.238965 -0.896870
273.319047 -0.896870
273.339067 -1.145161
273.419163 -1.015197
273.439177 -0.317502
273.519263 -1.007438
273.539284 -1.393446
273.619370 -0.872946
273.639393 -0.896870
273.714474 -0.883292
273.734495 -0.565807
273.829598 -0.979634
273.914691 -0.951831
273.934711 -1.393446
274.029815 -0.565807
274.114911 -0.896870
274.134928 -0.565807
274.230032 -0.731340
274.310118 -0.855488
274.330140 -1.558966
274.430248 -0.896870
274.510335 -0.814105
274.530356 -1.062398
274.635469 -0.648574
274.730573 -0.910449
274.750595 -0.731340
