0.000000 0.000000
0.080871 -0.041341
0.094295 -0.330725
0.193128 0.165366
0.278417 -0.069117
0.305406 -0.082682
0.390673 -0.248045
0.413125 -0.082682
0.485015 -0.096247
0.511910 0.082683
0.592735 0.000000
0.610696 -0.330725
0.691521 -0.137588
0.709528 -0.082682
0.812757 -0.165364
0.889138 -0.027776
0.911589 -0.082682
1.014819 0.082683
1.089662 -0.041341
1.113651 -0.330725
1.203469 0.248051
1.290234 -0.069117
1.326173 -0.165364
1.406997 0.330736
1.492312 -0.013565
1.510319 0.082683
1.613549 0.248051
1.685393 -0.151799
1.712381 -0.082682
1.806629 -0.330725
1.891991 -0.082682
1.909905 -0.165364
2.008691 0.082683
2.089515 -0.178929
2.107476 0.082683
2.210752 0.248051
2.305059 -0.178929
2.332001 -0.330725
2.403845 -0.106582
2.430833 0.248051
2.493652 -0.124023
2.529572 -0.082682
2.607403 -0.071055
2.629854 0.000000
2.710683 -0.206704
2.728640 0.000000
2.805021 -0.082682
2.840896 -0.330725
2.899270 -0.124023
2.926211 -0.082682
3.020522 0.000000
3.098369 -0.151799
3.128304 -0.248045
3.227105 -0.496084
3.303445 -0.193140
3.325890 -0.330725
3.424676 -0.413405
3.505502 -0.110458
3.527952 -0.413405
3.622247 -0.248045
3.703134 -0.137588
3.725586 -0.082682
3.819834 -0.413405
3.914129 -0.110458
3.936583 -0.330725
4.012915 -0.106582
4.030876 -0.165364
4.117687 -0.027776
4.135650 0.248051
4.216473 -0.082682
4.234481 -0.413405
4.315259 -0.110458
4.333220 -0.082682
4.409572 -0.224145
4.432024 -0.165364
4.512861 -0.137588
4.535312 0.000000
4.616183 -0.129837
4.634102 -0.330725
4.719432 0.000000
4.732903 -0.578762
4.818264 -0.082682
4.836179 0.000000
4.917007 -0.248045
4.934965 -0.165364
5.015790 -0.283572
5.033750 -0.413405
5.114576 -0.220269
5.132583 0.082683
5.217851 -0.200891
5.235811 -0.413405
5.316636 -0.289385
5.334644 0.000000
5.428893 -0.118210
5.446900 0.000000
5.527687 -0.027776
5.545648 -0.082682
5.626519 -0.295198
5.644433 -0.165364
5.725258 -0.069117
5.743219 -0.496084
5.824066 -0.189264
5.842031 -0.082682
5.913876 -0.013565
5.940860 -0.165364
6.035109 0.000000
6.115933 -0.082682
6.133894 -0.165364
6.238667 -0.330725
6.319491 -0.234480
6.337502 -0.330725
6.440731 -0.165364
6.521553 -0.178929
6.539560 -0.165364
6.638300 -0.082682
6.714634 -0.137588
6.741622 0.000000
6.835871 -0.496084
6.934656 -0.234480
6.957108 -0.082682
7.037932 -0.165364
7.114276 -0.234480
7.136728 -0.330725
7.237010 -0.283572
7.259461 -0.165364
7.340354 0.330736
7.434603 -0.189264
7.452610 -0.248045
7.537879 -0.151799
7.555846 -0.330725
7.636685 -0.141464
7.654699 -0.082682
7.735469 -0.027776
7.753430 -0.165364
7.834314 -0.283572
7.852229 -0.082682
7.928573 -0.165364
7.951024 -0.165364
8.031850 -0.082682
8.049809 -0.165364
8.130648 -0.206704
8.153099 0.082683
8.233935 -0.082682
8.251896 0.000000
8.334217 -0.151799
8.356669 -0.248045
8.437493 -0.366252
8.455507 0.248051
8.536292 -0.165364
8.554253 -0.413405
8.657575 -0.165364
8.729376 -0.317160
8.751825 0.082683
8.855100 -0.248045
8.931434 0.000000
8.953885 0.000000
9.060172 -0.165364
9.132014 -0.261610
9.154465 -0.165364
9.257741 0.165366
9.334075 -0.220269
9.356526 -0.248045
9.450869 -0.141464
9.468783 -0.330725
9.549617 -0.193140
9.572068 -0.330725
9.652952 -0.082682
9.670871 -0.496084
9.751691 -0.275820
9.769652 -0.330725
9.845998 -0.212518
9.868451 -0.248045
9.949278 -0.330725
9.971729 -0.082682
10.054047 -0.259672
10.072055 -0.165364
10.148342 -0.041341
10.170797 -0.578762
10.251665 -0.295198
10.274116 -0.165364
10.350404 -0.165364
10.372856 0.165366
10.462660 -0.330725
10.552465 -0.372065
10.574917 -0.413405
10.651251 -0.165364
10.669212 -0.248045
10.754532 -0.289385
10.772488 -0.082682
10.853312 -0.189264
10.871273 -0.165364
10.953596 -0.344290
10.971557 -0.165364
11.056870 -0.259672
11.074878 -0.082682
11.155668 -0.178929
11.173633 -0.165364
11.254501 -0.189264
11.272416 0.082683
11.353239 -0.330725
11.375692 -0.413405
11.452032 -0.189264
11.474476 0.000000
11.550811 -0.302950
11.573263 -0.248045
11.676551 -0.248045
11.748440 -0.054906
11.775335 -0.165364
11.875665 0.000000
11.956447 -0.027776
11.974404 -0.248045
12.073192 -0.248045
12.154014 -0.289385
12.171976 0.000000
12.275252 -0.165364
12.351586 -0.220269
12.369594 -0.330725
12.468331 -0.330725
12.549218 -0.275820
12.577610 0.000000
12.671921 -0.082682
12.757235 -0.275820
12.775197 -0.413405
12.873983 -0.413405
12.954807 -0.110458
12.972768 0.000000
13.067063 -0.189264
13.089516 -0.165364
13.165850 -0.275820
13.183810 -0.330725
13.264634 -0.165364
13.282642 0.000000
13.363423 -0.206704
13.381381 0.082683
13.484713 -0.082682
13.567035 -0.137588
13.584949 -0.578762
13.683738 -0.082682
13.764560 -0.317160
13.787014 -0.330725
13.885796 -0.165364
13.966621 -0.206704
13.984582 -0.082682
14.074387 -0.141464
14.092348 -0.082682
14.173219 -0.289385
14.195671 -0.413405
14.276449 -0.106582
14.294410 -0.082682
14.378228 -0.248045
14.400679 -0.413405
14.478510 -0.176991
14.496471 -0.330725
14.577342 -0.124023
14.599794 0.000000
14.676082 -0.295198
14.698534 -0.248045
14.774867 -0.178929
14.797318 -0.248045
14.878143 -0.248045
14.900594 -0.082682
14.976932 -0.165364
14.994890 -0.248045
15.093722 -0.082682
15.174500 -0.165364
15.196956 -0.413405
15.295783 -0.330725
15.372077 -0.206704
15.396019 -0.413405
15.499295 -0.165364
15.575630 -0.206704
15.598081 -0.248045
15.696869 -0.330725
15.777706 -0.206704
15.795667 -0.082682
15.898945 -0.661440
15.975281 -0.193140
15.997735 -0.413405
16.092024 0.082683
16.172849 -0.220269
16.195300 0.082683
16.294086 -0.413405
16.370420 -0.330725
16.397362 -0.661440
16.496147 -0.082682
16.590502 -0.220269
16.612954 -0.165364
16.693732 -0.306825
16.711693 0.000000
16.789529 -0.110458
16.811975 -0.248045
16.892800 -0.141464
16.910764 0.165366
16.987142 -0.317160
17.009607 0.000000
17.090385 -0.224145
17.108346 -0.165364
17.189219 -0.027776
17.211669 -0.165364
17.314898 0.248051
17.386742 -0.165364
17.404703 -0.082682
17.507988 -0.330725
17.593349 -0.261610
17.606774 -0.248045
17.714541 -0.165364
17.786384 -0.206704
17.804345 -0.496084
17.913617 0.000000
17.994442 -0.193140
18.012449 -0.496084
18.115679 -0.248045
18.192059 -0.289385
18.214511 0.165366
18.308759 -0.413405
18.394121 -0.082682
18.412036 -0.330725
18.515318 -0.165364
18.591652 -0.137588
18.614119 -0.248045
18.703929 -0.578762
18.793729 -0.358500
18.811690 -0.578762
18.905987 -0.248045
18.992844 -0.220269
19.015295 -0.413405
19.109544 -0.496084
19.190369 -0.165364
19.217357 -0.248045
19.311618 -0.413405
19.392442 -0.234480
19.432854 -0.578762
19.513679 -0.082682
19.612464 -0.248045
19.711296 -0.082682
19.811532 -0.096247
19.829493 -0.413405
19.910320 -0.189264
19.932769 0.000000
20.009103 -0.275820
20.031556 -0.413405
20.116870 -0.165364
20.211165 -0.193140
20.229126 -0.330725
20.309998 -0.200891
20.332449 0.000000
20.413227 -0.165364
20.431188 -0.661440
20.512061 -0.342352
20.529974 0.082683
20.621286 0.000000
20.715581 -0.248045
20.802393 -0.248045
20.824844 -0.578762
20.923676 -0.330725
20.999964 -0.193140
21.022415 -0.496084
21.125738 -0.330725
21.215544 -0.358500
21.237994 -0.330725
21.323263 -0.165364
21.422048 -0.220269
21.435519 -0.082682
21.516354 -0.319098
21.538806 -0.248045
21.630121 0.248051
21.733397 -0.330725
21.814268 -0.206704
21.832184 -0.413405
21.935459 -0.248045
22.007303 -0.358500
22.029757 -0.496084
22.133030 -0.165364
22.209364 -0.330725
22.231816 -0.248045
22.326111 0.000000
22.406936 -0.261610
22.433878 -0.082682
22.534160 -0.165364
22.615031 -0.220269
22.641926 -0.330725
22.727288 -0.224145
22.740712 -0.248045
22.821553 -0.289385
22.839562 0.248051
22.924829 -0.189264
22.942791 -0.330725
23.023615 -0.124023
23.046067 -0.082682
23.144852 0.082683
23.221233 -0.358500
23.243684 -0.413405
23.324476 -0.200891
23.342438 0.000000
23.423325 -0.275820
23.436749 -0.082682
23.535601 0.165366
23.620870 -0.358500
23.652302 -0.165364
23.733126 -0.200891
23.751087 -0.248045
23.833408 -0.110458
23.855860 0.000000
23.932243 -0.283572
23.954692 0.000000
24.035470 -0.275820
24.057922 0.000000
24.134302 -0.129837
24.165688 -0.248045
24.224108 -0.372065
24.246560 -0.248045
24.345306 -0.330725
24.430615 -0.289385
24.448624 -0.413405
24.542870 0.082683
24.628235 -0.165364
24.641655 -0.496084
24.744931 -0.330725
24.830293 -0.054906
24.843717 -0.330725
24.942550 -0.330725
25.027818 -0.178929
25.045779 -0.578762
25.144611 -0.413405
25.226933 -0.248045
25.244847 -0.165364
25.348124 0.082683
25.428994 -0.151799
25.446909 -0.330725
25.545709 0.248051
25.622050 -0.261610
25.666947 -0.165364
25.747771 0.000000
25.846557 -0.234480
25.864518 -0.496084
25.948336 -0.200891
25.966297 0.248051
26.047136 -0.220269
26.065143 -0.413405
26.145941 -0.248045
26.163902 -0.165364
26.235746 -0.302950
26.258199 -0.082682
26.361473 0.082683
26.437808 -0.110458
26.460259 0.330736
26.559091 -0.413405
26.635379 -0.289385
26.657830 -0.496084
26.756616 0.082683
26.837441 -0.289385
26.855402 -0.082682
26.954188 -0.082682
27.035012 -0.193140
27.053020 0.082683
27.160740 -0.330725
27.250545 -0.302950
27.268506 -0.165364
27.349331 -0.259672
27.367339 -0.248045
27.449660 -0.165364
27.472111 -0.082682
27.552889 -0.189264
27.575341 -0.165364
27.656165 -0.261610
27.669636 -0.165364
27.759441 -0.248045
27.844756 -0.178929
27.862717 -0.413405
27.963000 -0.330725
28.048375 -0.289385
28.061800 -0.248045
28.165075 -0.165364
28.241410 -0.317160
28.263861 -0.330725
28.362694 -0.200891
28.385145 -0.413405
28.438981 -0.220269
28.465923 -0.826793
28.560219 -0.319098
28.582670 -0.330725
28.663495 -0.206704
28.677012 -0.165364
28.757790 -0.106582
28.780241 -0.248045
28.856622 -0.261610
28.879073 -0.082682
28.959852 -0.106582
28.977813 0.248051
29.054147 -0.151799
29.076602 -0.330725
29.157423 -0.023900
29.175384 -0.413405
29.257705 -0.206704
29.275713 0.082683
29.378943 0.000000
29.459768 -0.206704
29.473238 -0.248045
29.572036 0.165366
29.657397 -0.220269
29.679849 0.000000
29.781588 0.000000
29.859473 -0.110458
29.878884 -0.165364
29.982160 0.000000
30.058494 -0.151799
30.080949 -0.165364
30.179734 0.165366
30.274032 -0.248045
30.291989 -0.082682
30.372814 -0.189264
30.390821 0.082683
30.467109 -0.110458
30.494056 0.330736
30.570432 0.000000
30.588346 0.248051
30.669171 -0.124023
30.687132 0.082683
30.767957 -0.236418
30.791905 0.330736
30.872728 0.013565
30.890690 0.082683
30.971516 0.000000
30.993966 0.165366
31.074803 -0.110458
31.092764 0.248051
31.173589 -0.011627
31.191597 0.082683
31.272375 -0.096247
31.294826 0.165366
31.371207 -0.047155
31.393658 -0.082682
31.474437 -0.082682
31.492400 0.165366
31.591183 0.000000
31.672008 -0.013565
31.694459 -0.082682
31.793245 0.082683
31.874070 -0.069117
31.896522 -0.248045
31.995307 0.165366
32.071641 0.082683
32.094093 0.082683
32.188388 -0.330725
32.273703 -0.041341
32.287177 -0.248045
32.385960 0.165366
32.471322 -0.110458
32.489237 0.082683
32.592522 0.330736
32.673393 0.000000
32.691309 -0.082682
32.790112 -0.248045
32.870936 -0.137588
32.888897 0.000000
32.987740 -0.023900
33.010191 -0.082682
33.086482 -0.165364
33.185265 -0.058782
33.212253 0.000000
33.275071 -0.013565
33.306515 0.165366
33.393321 0.011627
33.411282 0.165366
33.492114 0.069118
33.514560 0.000000
33.595384 -0.011627
33.613345 -0.248045
33.694169 0.124025
33.712130 -0.330725
33.806434 0.000000
33.887259 -0.234480
33.905233 -0.248045
34.004019 -0.330725
34.089334 -0.110458
34.102853 0.000000
34.206080 0.248051
34.291395 -0.069117
34.309357 -0.248045
34.403652 0.165366
34.484523 -0.054906
34.503935 -0.248045
34.607224 0.248051
34.688046 -0.054906
34.706007 0.248051
34.800312 -0.047155
34.822763 0.082683
34.885627 0.124025
34.926086 -0.165364
34.997901 -0.035528
35.020356 -0.165364
35.101176 -0.069117
35.119138 0.248051
35.199962 0.047155
35.217970 0.330736
35.307776 0.165366
35.408011 -0.047155
35.421482 -0.165364
35.488839 0.041341
35.524805 0.000000
35.601093 0.047155
35.623544 -0.082682
35.704415 -0.041341
35.722330 -0.248045
35.816672 0.000000
35.901942 0.054907
35.919902 0.165366
36.023178 0.165366
36.095023 -0.054906
36.117488 -0.082682
36.216274 0.165366
36.297114 -0.054906
36.315075 -0.082682
36.413861 0.165366
36.494687 0.069118
36.521627 0.082683
36.617466 -0.082682
36.698244 0.000000
36.720699 -0.165364
36.823971 0.082683
36.895816 0.027776
36.913777 0.165366
37.017053 0.165366
37.099374 -0.013565
37.117335 -0.082682
37.219115 0.330736
37.299939 0.041341
37.331372 0.000000
37.412196 0.236423
37.430158 0.082683
37.510982 -0.054906
37.533434 0.000000
37.609771 0.141466
37.632228 0.082683
37.713057 0.082683
37.731018 -0.165364
37.811844 0.082683
37.834294 -0.082682
37.906138 0.013565
37.928590 0.330736
38.027375 -0.082682
38.109697 0.110459
38.132148 0.082683
38.212973 0.023900
38.230934 0.165366
38.311759 0.096248
38.343191 0.000000
38.424015 0.000000
38.446467 -0.248045
38.522807 0.137590
38.545253 -0.082682
38.626089 -0.082682
38.702421 0.027776
38.724872 0.165366
38.823664 0.224150
38.846109 -0.082682
38.923940 -0.069117
38.946392 -0.165364
39.022727 -0.058782
39.045186 -0.330725
39.126002 0.206708
39.143964 0.000000
39.224795 0.023900
39.242758 0.082683
39.323594 -0.054906
39.350536 0.248051
39.422381 0.200895
39.444832 0.413421
39.525657 0.013565
39.543665 -0.082682
39.619963 0.035528
39.646905 0.165366
39.723286 0.082683
39.741200 0.248051
39.817546 0.141466
39.853469 0.165366
39.916335 0.151801
39.934292 -0.165364
40.033079 0.413421
40.113903 0.124025
40.131864 -0.165364
40.236649 0.000000
40.317475 0.248051
40.335435 0.330736
40.438721 0.248051
40.537511 0.137590
40.555471 0.248051
40.636355 0.413421
40.735090 -0.041341
40.757541 -0.082682
40.835387 0.330736
40.863825 0.330736
40.935716 0.261616
40.958171 0.082683
41.034456 0.106584
41.056907 0.413421
41.137778 0.178932
41.160230 0.330736
41.236518 0.165366
41.258973 -0.248045
41.339863 0.317170
41.366758 -0.082682
41.447583 0.082683
41.528408 0.261616
41.546369 0.165366
41.645155 -0.082682
41.725993 0.261616
41.744000 -0.082682
41.853217 0.165366
41.929560 0.289393
41.952011 0.082683
42.050843 0.000000
42.131621 0.151801
42.149586 0.165366
42.248368 0.000000
42.329193 -0.027776
42.351644 0.165366
42.441450 0.106584
42.459412 0.578794
42.540235 0.027776
42.562687 -0.082682
42.639022 0.271952
42.661473 0.330736
42.742298 0.206708
42.760260 0.000000
42.841084 0.236423
42.859091 0.082683
42.939870 0.289393
42.962326 0.413421
43.061153 0.330736
43.137441 0.151801
43.155402 0.000000
43.258678 0.413421
43.339503 0.124025
43.361954 0.082683
43.451762 0.224150
43.469721 0.661482
43.550546 0.413421
43.649342 0.165366
43.667350 0.248051
43.748134 0.165366
43.766096 0.330736
43.846967 0.176994
43.864882 0.248051
43.945720 0.178932
43.968172 0.248051
44.049043 0.200895
44.066958 0.330736
44.147782 0.124025
44.170234 0.661482
44.246573 0.058782
44.269019 0.082683
44.349845 0.275828
44.367805 0.165366
44.448630 0.094310
44.466591 0.082683
44.553403 0.165366
44.571364 0.413421
44.665660 0.082683
44.752518 0.358513
44.770433 0.413421
44.869219 0.330736
44.968004 0.000000
45.062300 0.413421
45.165576 0.248051
45.264377 0.413421
45.282338 0.661482
45.363169 0.275828
45.381170 0.165366
45.461949 0.189267
45.484400 0.413421
45.560784 0.151801
45.578696 0.413421
45.659523 0.176994
45.677484 0.165366
45.758307 0.399855
45.776268 0.000000
45.866088 0.413421
45.879558 0.165366
45.946913 0.178932
45.969364 0.496107
46.072641 0.248051
46.153471 0.261616
46.171425 0.413421
46.271756 0.000000
46.352533 0.358513
46.374985 0.330736
46.464790 0.319108
46.482751 0.413421
46.565073 0.220274
46.589021 0.413421
46.666862 0.236423
46.684824 -0.248045
46.776126 0.165366
46.879402 0.330736
46.960286 0.385644
46.978201 -0.082682
47.081477 0.082683
47.157818 0.426987
47.175773 0.165366
47.279064 0.248051
47.355394 0.344301
47.395807 0.082683
47.476678 0.661482
47.575430 0.193143
47.593391 0.413421
47.674216 0.460578
47.692178 0.082683
47.759532 0.330736
47.786474 0.082683
47.868795 0.259678
47.891246 0.248051
47.972090 0.454764
47.990051 0.330736
48.075413 0.271952
48.093327 0.413421
48.165218 0.385644
48.192113 0.248051
48.295401 0.165366
48.358264 0.358513
48.385207 0.413421
48.484007 0.330736
48.564839 0.206708
48.582801 0.330736
48.677107 0.319108
48.704095 0.165366
48.775893 0.206708
48.807325 0.082683
48.883707 0.319108
48.906157 0.082683
48.982445 0.358513
49.004897 0.248051
49.081231 0.342363
49.103682 0.496107
49.184507 0.206708
49.202469 0.330736
49.283293 0.484479
49.305745 0.496107
49.386570 0.317170
49.404531 0.248051
49.480865 0.236423
49.500337 0.000000
49.585653 0.220274
49.603614 0.248051
49.679948 0.484479
49.702399 0.578794
49.783224 0.441198
49.805675 0.578794
49.886547 0.389520
49.904461 0.496107
49.985288 0.399855
50.003248 0.248051
50.084072 0.306834
50.102033 0.496107
50.187348 0.413421
50.200869 0.165366
50.299614 0.496107
50.380485 0.468330
50.398400 0.330736
50.497186 -0.082682
50.578011 0.344301
50.595975 0.578794
50.694804 0.283579
50.712719 0.330736
50.775583 0.372078
50.811504 0.578794
50.892330 0.578794
50.910291 0.496107
50.997102 0.275828
51.015067 0.578794
51.095889 0.330736
51.190184 0.468330
51.217126 0.082683
51.293507 0.342363
51.311421 0.578794
51.396747 0.317170
51.414698 0.330736
51.497019 0.472206
51.514981 0.413421
51.595805 0.385644
51.618257 0.248051
51.694591 0.354637
51.708063 0.082683
51.794921 0.413421
51.815829 0.661482
51.898150 0.295207
51.916111 0.578794
51.993943 0.537451
52.011964 0.413421
52.094286 0.413421
52.112200 0.248051
52.197515 0.523885
52.215479 0.413421
52.296348 0.366264
52.318799 0.578794
52.395088 0.330736
52.413049 0.496107
52.498410 0.460578
52.516325 0.578794
52.597150 0.496107
52.615110 0.661482
52.709426 0.496107
52.794741 0.372078
52.812749 0.248051
52.915979 0.330736
52.996803 0.302959
53.014810 0.330736
53.104617 0.330736
53.209388 0.426987
53.231841 0.413421
53.312618 0.496107
53.393443 0.426987
53.433902 0.330736
53.510190 0.342363
53.532642 0.330736
53.608976 0.358513
53.631427 0.496107
53.712253 0.484479
53.730214 0.661482
53.806548 0.468330
53.828999 0.413421
53.905380 0.507735
53.923295 0.496107
54.004120 0.372078
54.031062 0.165366
54.125358 0.578794
54.197250 0.330736
54.215164 0.000000
54.319941 0.330736
54.400761 0.317170
54.423215 0.413421
54.517507 0.578794
54.593890 0.509673
54.616341 0.661482
54.719571 0.165366
54.819853 0.248051
54.923175 0.578794
55.021916 0.330736
55.039877 0.744170
55.111730 0.661482
55.134180 0.992238
55.215052 0.661482
55.228476 0.496107
55.313794 0.637580
55.331752 0.496107
55.417114 0.372078
55.435029 0.496107
55.515854 0.637580
55.529371 0.496107
55.608652 0.647916
55.631104 0.826859
55.729901 0.578794
55.810725 0.372078
55.828733 0.992238
55.927472 0.531637
55.949923 0.330736
56.008343 0.551016
56.030796 0.330736
56.129534 0.567166
56.151986 0.248051
56.228320 0.399855
56.246281 0.661482
56.322671 0.496107
56.345123 0.496107
56.425901 0.496107
56.443862 0.496107
56.524733 0.472206
56.542648 0.496107
56.623473 0.537451
56.645924 0.330736
56.728246 0.377892
56.746207 0.661482
56.827032 0.551016
56.849483 0.413421
56.925818 0.401793
56.948270 0.413421
57.029094 0.413421
57.051545 0.248051
57.127880 0.425049
57.145888 0.744170
57.231156 0.482542
57.249117 0.578794
57.325499 0.366264
57.343413 0.496107
57.424250 0.496107
57.446702 0.744170
57.545496 0.826859
57.626321 0.509673
57.644282 0.496107
57.743068 0.330736
57.823893 0.193143
57.846345 0.496107
57.951128 0.661482
58.027463 0.509673
58.049914 0.330736
58.148747 0.496107
58.229539 0.633704
58.247498 0.413421
58.346290 0.413421
58.427115 0.551016
58.445077 0.826859
58.543863 0.744170
58.624687 0.551016
58.642696 0.744170
58.741434 0.413421
58.837274 0.372078
58.859725 0.248051
58.936013 0.460578
58.958464 0.496107
59.039336 0.537451
59.057250 0.248051
59.160530 0.992238
59.241398 0.716392
59.259313 0.661482
59.353668 0.578794
59.438937 0.372078
59.456898 0.578794
59.551193 0.496107
59.638062 0.468330
59.655976 0.744170
59.763748 0.413421
59.831108 0.509673
59.853559 0.661482
59.952397 0.744170
60.033174 0.509673
60.055621 0.496107
60.154454 0.661482
60.253194 0.551016
60.271155 0.165366
60.347490 0.567166
60.374433 0.744170
60.446322 0.565228
60.473217 0.413421
60.555539 0.484479
60.577990 0.330736
60.654325 0.661482
60.672286 0.661482
60.753157 0.531637
60.771072 0.826859
60.842963 0.620138
60.865414 0.248051
60.968644 0.413421
61.045025 0.633704
61.067477 1.157620
61.166216 0.909548
61.247087 0.606572
61.265002 0.496107
61.351861 0.708640
61.365285 0.496107
61.446120 0.689260
61.468571 0.496107
61.562867 0.744170
61.643738 0.647916
61.666190 0.330736
61.764928 0.413421
61.854735 0.523885
61.877185 0.578794
61.958060 0.460578
61.975972 0.413421
62.052307 0.716392
62.074760 0.909548
62.151093 0.567166
62.173544 0.661482
62.254369 0.565228
62.276820 0.992238
62.362196 0.673110
62.371130 0.909548
62.456445 0.785514
62.474453 0.744170
62.573194 0.413421
62.660008 0.675048
62.677966 0.661482
62.758837 0.578794
62.776751 0.826859
62.857576 0.565228
62.871094 0.661482
62.978826 0.661482
63.050717 0.744170
63.077612 0.661482
63.176399 0.413421
63.258720 0.620138
63.276680 0.496107
63.380008 0.496107
63.451806 0.702826
63.471259 0.661482
63.582066 0.826859
63.650870 0.551016
63.679360 0.909548
63.778094 0.578794
63.858967 0.578794
63.885861 0.496107
63.975667 0.744170
64.056491 0.578794
64.078943 0.826859
64.182219 0.413421
64.258554 0.633704
64.298966 0.413421
64.379802 0.909548
64.474098 0.689260
64.496549 0.330736
64.577434 0.791328
64.595348 0.661482
64.676175 0.606572
64.694136 0.165366
64.774959 0.661482
64.792921 0.744170
64.873746 0.744170
64.900688 0.744170
64.977023 0.708640
64.994984 0.826859
65.077316 0.757736
65.099767 0.744170
65.180592 0.708640
65.198599 0.578794
65.279378 0.633704
65.297339 0.248051
65.378210 0.590422
65.405107 0.744170
65.472460 0.551016
65.490467 0.826859
65.589207 0.826859
65.670078 0.592360
65.687993 0.909548
65.792766 0.744170
65.873591 0.757736
65.891552 0.496107
65.990338 0.992238
66.071163 0.689260
66.093614 0.330736
66.192409 0.909548
66.273234 0.785514
66.291244 0.661482
66.389982 0.826859
66.479787 0.565228
66.502238 0.330736
66.583110 0.649854
66.601038 0.496107
66.681863 0.744170
66.704316 1.074929
66.785185 0.697012
66.803110 0.909548
66.885430 0.578794
66.903408 0.744170
66.997703 0.661482
67.078529 0.757736
67.096489 0.909548
67.195275 0.496107
67.276100 0.771948
67.294109 0.992238
67.394347 0.697012
67.430267 0.992238
67.493130 0.702826
67.524563 0.578794
67.605387 0.661482
67.686212 0.771948
67.704173 0.992238
67.807450 0.826859
67.888275 0.675048
67.906246 0.826859
68.005079 0.496107
68.085857 0.675048
68.103819 0.330736
68.202604 0.826859
68.283429 0.895982
68.301404 0.992238
68.400191 0.909548
68.487008 0.826859
68.504964 0.578794
68.608252 0.826859
68.684589 0.744170
68.707039 0.578794
68.810315 0.661482
68.882161 0.661482
68.904611 0.909548
68.998907 0.791328
69.034830 0.744170
69.093202 0.771948
69.120191 1.074929
69.197976 0.744170
69.296761 0.840425
69.319214 0.578794
69.400039 0.708640
69.417999 0.744170
69.498824 0.923114
69.516851 0.826859
69.615589 0.661482
69.696461 0.661482
69.718914 0.496107
69.817652 0.661482
69.893986 0.689260
69.916438 0.826859
70.015224 1.157620
70.091558 0.895982
70.118515 0.992238
70.218798 0.826859
70.299623 0.771948
70.322074 0.661482
70.416375 1.157620
70.497242 0.744170
70.515156 0.578794
70.609499 0.802956
70.622923 0.744170
70.708238 0.592360
70.730690 0.661482
70.811578 0.826859
70.824998 0.661482
70.905823 0.840425
70.929771 0.330736
71.012093 0.968336
71.030054 0.826859
71.110926 0.840425
71.128841 0.661482
71.209665 0.885646
71.227626 0.909548
71.308468 0.854637
71.330920 0.578794
71.429706 0.744170
71.506041 0.771948
71.528492 0.578794
71.618297 0.661482
71.703613 0.771948
71.726064 0.496107
71.824850 0.578794
71.901185 0.716392
71.937107 0.744170
72.023966 0.697012
72.046417 0.578794
72.104744 0.813292
72.127196 0.826859
72.226028 0.661482
72.306814 0.826859
72.342728 0.661482
72.423554 0.755798
72.446005 0.826859
72.522340 0.978672
72.544791 0.909548
72.621129 0.768072
72.639088 0.826859
72.718916 0.909548
72.741366 0.661482
72.826685 0.779700
72.844688 0.909548
72.925467 0.799080
72.943428 0.909548
73.024303 0.850761
73.042214 0.992238
73.123051 0.840425
73.141011 0.909548
73.221836 0.755798
73.239797 0.744170
73.326610 0.771948
73.344571 0.826859
73.425398 0.862389
73.443402 0.826859
73.524181 0.813292
73.546632 0.661482
73.627477 0.732542
73.645485 0.909548
73.717283 0.909548
73.744224 0.826859
73.838523 0.496107
73.919345 0.881769
73.941796 0.744170
74.046570 1.157620
74.122919 0.895982
74.140880 0.496107
74.244204 0.992238
74.324991 1.020017
74.342952 1.074929
74.441738 0.661482
74.518091 0.937327
74.634838 0.708640
74.652799 0.909548
74.733644 0.757736
74.751605 0.992238
74.828000 0.874017
74.850452 0.661482
74.931230 0.675048
74.949192 0.744170
75.036020 1.074929
75.050988 0.826859
75.136303 0.964459
75.154265 1.405699
75.232149 0.874017
75.251554 0.992238
75.335372 0.923114
75.353333 0.826859
75.456656 1.074929
75.534449 1.020017
75.552411 0.661482
75.651243 0.992238
75.732022 0.757736
75.749983 0.578794
75.848770 1.074929
75.929594 0.771948
75.947555 0.992238
76.050831 0.826859
76.131657 0.909548
76.167625 0.744170
76.243926 1.086557
76.270868 0.744170
76.342726 0.854637
76.365181 1.157620
76.446003 0.744170
76.544789 1.061362
76.562750 1.074929
76.643589 0.921176
76.666041 1.157620
76.751421 0.785514
76.764846 0.826859
76.851658 0.968336
76.869620 1.157620
76.950444 0.881769
76.968452 0.992238
77.044740 1.122089
77.071682 0.992238
77.143526 1.171187
77.165977 0.744170
77.246802 0.897920
77.269254 1.488393
77.347085 0.799080
77.369536 0.496107
77.445871 0.921176
77.472813 1.074929
77.549147 1.020017
77.567160 0.826859
77.652424 0.862389
77.670385 0.744170
77.751210 0.937327
77.769219 0.744170
77.849996 1.016141
77.867957 0.661482
77.944312 0.909548
77.966762 0.661482
78.047587 0.815230
78.070039 1.240312
78.146374 0.881769
78.168826 0.661482
78.263168 1.074929
78.343946 0.881769
78.361907 1.074929
78.465230 1.074929
78.550499 0.937327
78.568460 0.826859
78.671736 1.240312
78.748071 0.813292
78.770522 0.909548
78.864818 0.661482
78.945643 1.033583
78.963604 1.157620
79.068378 0.909548
79.150700 0.964459
79.165667 0.909548
79.270440 0.909548
79.369227 0.978672
79.391678 1.157620
79.468059 0.909548
79.548837 0.909548
79.571290 0.578794
79.670121 0.850761
79.688036 0.909548
79.768861 0.647916
79.786822 0.992238
79.863166 0.838487
79.881127 0.992238
79.961999 0.950893
79.979913 0.744170
80.060741 0.909548
80.083190 0.661482
80.159524 0.799080
80.186513 1.157620
80.264315 0.933451
80.286767 1.157620
80.363100 0.937327
80.390042 0.992238
80.488839 0.826859
80.565174 0.923114
80.583182 0.661482
80.686433 0.661482
80.767276 0.881769
80.785284 0.992238
80.888514 1.157620
80.960359 0.826859
80.987347 0.909548
81.081597 0.992238
81.162431 0.895982
81.180396 0.826859
81.279224 0.744170
81.360003 0.813292
81.382454 1.074929
81.487239 0.826859
81.563621 0.978672
81.586073 0.826859
81.684812 1.240312
81.765686 0.799080
81.788135 1.074929
81.882384 0.909548
81.963209 0.854637
81.985661 0.744170
82.084446 0.980610
82.102454 1.074929
82.184776 0.826859
82.207228 0.992238
82.288006 0.909548
82.382302 1.005805
82.400278 0.909548
82.485598 0.850761
82.503554 1.157620
82.579888 0.881769
82.606830 0.992238
82.678722 0.992238
82.696637 1.074929
82.781953 0.592360
82.795422 1.074929
82.876248 0.885646
82.903242 0.909548
82.975033 0.854637
83.001975 1.074929
83.100761 0.661482
83.183086 1.047150
83.201044 0.744170
83.299877 0.992238
83.376165 0.992238
83.400113 0.826859
83.500397 0.826859
83.581221 0.950893
83.603673 0.826859
83.702471 1.074929
83.783296 1.074929
83.801305 0.744170
83.900044 1.240312
83.980915 1.047150
84.003379 1.157620
84.102118 1.074929
84.182990 1.144054
84.205441 1.240312
84.304197 0.744170
84.394002 1.198966
84.407520 1.157620
84.488298 0.968336
84.506260 1.240312
84.587131 1.129841
84.614040 1.074929
84.694866 0.897920
84.712825 1.405699
84.789207 1.061362
84.807122 1.157620
84.887946 0.897920
84.910399 1.074929
84.986738 0.909548
85.004710 0.992238
85.094521 0.980610
85.107986 1.074929
85.188812 1.253879
85.211263 1.240312
85.313089 1.157620
85.389378 1.020017
85.416319 0.992238
85.512111 0.661482
85.592937 1.005805
85.610912 0.744170
85.714208 1.157620
85.790543 0.964459
85.812995 0.661482
85.907290 0.826859
85.988115 0.923114
86.010567 1.157620
86.115361 1.240312
86.193189 1.061362
86.212646 0.992238
86.315981 0.744170
86.410231 1.116275
86.428239 1.074929
86.504540 0.933451
86.526991 0.992238
86.607862 1.212533
86.625777 0.992238
86.706602 0.992238
86.729054 1.074929
86.800898 1.061362
86.823349 0.909548
86.899742 1.074929
86.922192 0.992238
87.002971 0.923114
87.029913 1.240312
87.101804 1.074929
87.124256 1.157620
87.200545 1.253879
87.222995 1.074929
87.308310 0.968336
87.326318 1.157620
87.408639 1.102708
87.426554 1.323005
87.538811 0.744170
87.601692 1.129841
87.624143 0.744170
87.718455 1.157620
87.803771 0.992238
87.821731 1.488393
87.920516 1.157620
87.996853 1.157620
88.014859 1.074929
88.122579 0.909548
88.203404 1.116275
88.239373 0.744170
88.320151 1.074929
88.402473 0.978672
88.442886 0.992238
88.523773 1.051026
88.541691 1.157620
88.622512 0.895982
88.640474 0.992238
88.716811 1.051026
88.743750 0.992238
88.820093 0.978672
88.838104 1.074929
88.923370 0.980610
88.936841 0.992238
89.017713 1.074929
89.044608 0.826859
89.122486 1.063301
89.135910 1.074929
89.218232 1.212533
89.245173 1.074929
89.325998 1.193152
89.343960 1.323005
89.420299 1.185400
89.442746 1.240312
89.523583 1.181524
89.550524 0.992238
89.613387 1.212533
89.631395 0.744170
89.730137 1.405699
89.811017 1.157620
89.828930 1.323005
89.935200 1.074929
90.013079 1.102708
90.035529 0.992238
90.134269 1.488393
90.233056 1.323005
90.336332 1.323005
90.435131 1.240312
90.533919 1.370166
90.551926 1.488393
90.628214 1.061362
90.650667 0.992238
90.726999 1.157620
90.749452 1.323005
90.831773 1.198966
90.849734 1.240312
90.935049 1.110460
90.953010 1.157620
91.033836 1.144054
91.056287 1.157620
91.137128 1.039398
91.155089 0.992238
91.231432 1.240312
91.253884 1.157620
91.334709 1.157620
91.352716 1.157620
91.433501 1.309438
91.451456 1.240312
91.532327 1.133717
91.559223 0.992238
91.622137 1.157620
91.644585 1.323005
91.743325 1.240312
91.824196 1.102708
91.842110 0.992238
91.945387 1.405699
92.026259 1.377919
92.044173 1.157620
92.142959 0.909548
92.225281 1.226746
92.247733 1.157620
92.346519 1.240312
92.445352 1.226746
92.467808 1.240312
92.544101 1.074929
92.624973 1.226746
92.647425 0.909548
92.749175 1.488393
92.847962 1.295226
92.865923 0.909548
92.946795 1.204781
92.964710 1.074929
93.050035 1.295226
93.067996 1.157620
93.144334 1.323005
93.162292 1.240312
93.247607 1.171187
93.261125 1.405699
93.346394 1.287473
93.364354 1.571087
93.445180 1.350785
93.467631 1.488393
93.539475 1.441231
93.566418 1.488393
93.642799 1.364352
93.660714 1.157620
93.746028 1.181524
93.763991 1.240312
93.844862 1.281659
93.862776 1.488393
93.945098 1.098832
93.967550 0.909548
94.043884 1.323005
94.061892 1.074929
94.147161 1.216409
94.165123 1.157620
94.245957 1.198966
94.268408 1.074929
94.349234 1.181524
94.367195 1.405699
94.448019 1.295226
94.466027 1.157620
94.564767 1.240312
94.659063 1.405699
94.762339 1.901873
94.838674 1.144054
94.879095 1.074929
94.959958 1.193152
94.977873 1.488393
95.058709 1.364352
95.081161 1.653783
95.162033 1.287473
95.179947 0.992238
95.256282 1.212533
95.283223 1.488393
95.359559 1.358537
95.382010 1.323005
95.458345 1.323005
95.476352 1.488393
95.557132 1.299102
95.579582 0.909548
95.660408 1.309438
95.678415 1.323005
95.759193 1.571087
95.781645 1.488393
95.858026 1.392132
95.880478 1.240312
95.952276 1.394070
95.974727 1.074929
96.051066 1.171187
96.078004 1.405699
96.176799 1.323005
96.257625 1.392132
96.275585 0.992238
96.378862 0.909548
96.459687 1.240312
96.477648 1.323005
96.576481 1.323005
96.652769 1.226746
96.679711 0.744170
96.774007 1.240312
96.854845 1.392132
96.872807 1.571087
96.974586 1.240312
97.056908 1.336572
97.074870 1.074929
97.175199 1.323005
97.255978 1.626002
97.278428 1.323005
97.377279 1.488393
97.453568 1.584655
97.498477 1.819176
97.574803 1.488393
97.660120 1.377919
97.678081 1.157620
97.772377 1.629879
97.794828 1.323005
97.875656 1.474826
97.898105 1.901873
97.975983 1.394070
97.998433 1.405699
98.079213 1.323005
98.097174 1.405699
98.169033 1.370166
98.191484 1.653783
98.272309 1.198966
98.290317 1.323005
98.389056 1.240312
98.469928 1.474826
98.487843 1.240312
98.586643 1.323005
98.667468 1.419266
98.685429 1.405699
98.784262 1.240312
98.865046 1.364352
98.891986 1.488393
98.990769 1.571087
99.067103 1.516173
99.085065 1.736479
99.174870 1.441231
99.198818 1.571087
99.279644 1.433479
99.302095 1.405699
99.382967 1.629879
99.400881 1.405699
99.481707 1.295226
99.504158 1.653783
99.580493 1.476764
99.598454 1.405699
99.679280 1.405699
99.697288 1.074929
99.796026 0.992238
99.876898 1.474826
99.894816 1.074929
99.981671 1.571087
99.999586 1.074929
100.080411 1.474826
100.098372 1.571087
100.201671 1.323005
100.278002 1.447046
100.300456 1.323005
100.399240 1.653783
100.480065 1.364352
100.498072 1.488393
100.596812 1.157620
100.686618 1.543307
100.709070 1.736479
100.794385 1.559458
100.803365 1.323005
100.890177 1.433479
100.912629 1.653783
100.988964 1.523926
101.011415 1.405699
101.087750 1.695131
101.110201 1.157620
101.191026 1.441231
101.204497 1.571087
101.289813 1.460613
101.307774 1.571087
101.388645 1.594992
101.406560 1.488393
101.487385 1.598868
101.509837 1.405699
101.610135 1.736479
101.686470 1.626002
101.704439 1.819176
101.807768 1.819176
101.888551 1.598868
101.906508 1.488393
102.005294 1.488393
102.023255 1.571087
102.104080 1.364352
102.122088 1.323005
102.211894 1.323005
102.292672 1.571087
102.315138 1.571087
102.413971 1.653783
102.494750 1.584655
102.512710 1.240312
102.611496 1.240312
102.702810 1.516173
102.720816 1.819176
102.815065 1.819176
102.895891 1.501960
102.913851 1.405699
103.012684 1.819176
103.093469 1.626002
103.115917 1.653783
103.201230 1.523926
103.228171 1.653783
103.304553 1.516173
103.322467 1.323005
103.403302 1.594992
103.425753 1.736479
103.502088 1.516173
103.529076 1.157620
103.605377 1.594992
103.629326 1.736479
103.716185 1.736479
103.805989 1.700945
103.828442 1.901873
103.904742 1.584655
103.927194 1.736479
104.006523 1.582716
104.028973 1.736479
104.109799 1.667350
104.127807 1.736479
104.226546 1.488393
104.307418 1.571087
104.325333 1.571087
104.410648 1.629879
104.428609 1.653783
104.504955 1.667350
104.522918 1.819176
104.621748 1.653783
104.707017 1.543307
104.729469 1.901873
104.828255 1.653783
104.909095 1.626002
104.927054 1.323005
105.025886 1.405699
105.108222 1.722911
105.130673 1.488393
105.233904 1.653783
105.310285 1.750046
105.328200 2.067270
105.426990 1.323005
105.507834 1.626002
105.530286 1.405699
105.629072 1.571087
105.700917 1.667350
105.727858 1.653783
105.826691 1.429602
105.844605 1.571087
105.907490 1.653783
105.925451 1.405699
106.028774 1.736479
106.127528 1.488393
106.236791 1.653783
106.322106 1.516173
106.340067 1.240312
106.438854 1.819176
106.519690 1.529740
106.542140 1.653783
106.622965 1.606621
106.640926 1.653783
106.717307 1.750046
106.748693 1.736479
106.838514 1.571087
106.914849 1.667350
106.937300 1.488393
107.022616 1.618250
107.036086 2.149969
107.118410 1.571087
107.140860 1.405699
107.239646 1.653783
107.320476 1.640216
107.338484 1.157620
107.437221 1.736479
107.522535 1.433479
107.540542 1.488393
107.643772 1.653783
107.720153 1.640216
107.760520 1.488393
107.841344 1.653783
107.922216 1.626002
107.962582 1.405699
108.038919 1.488393
108.115252 1.612435
108.155665 1.405699
108.240980 1.405699
108.335276 1.529740
108.357728 1.405699
108.438599 1.606621
108.456514 1.571087
108.537339 1.557520
108.559791 1.736479
108.636138 1.582716
108.658590 1.901873
108.734934 1.584655
108.761875 1.240312
108.839707 1.582716
108.862159 1.571087
108.938494 1.516173
108.960945 1.571087
109.037326 1.618250
109.059778 1.571087
109.136066 1.488393
109.158518 1.405699
109.239390 1.488393
109.258801 1.240312
109.339626 1.571087
109.362077 1.405699
109.442903 1.452860
109.460864 1.736479
109.541689 1.708698
109.559650 1.405699
109.640475 1.547183
109.658483 1.405699
109.739261 1.529740
109.761713 1.653783
109.860546 1.571087
109.936839 1.653783
109.959286 1.488393
110.053586 1.736479
110.138897 1.626002
110.152415 1.571087
110.255645 2.067270
110.336470 1.501960
110.358921 1.571087
110.457708 1.323005
110.540030 1.447046
110.557994 1.819176
110.656777 1.571087
110.746583 1.543307
110.769034 1.736479
110.849860 1.535554
110.873808 1.653783
110.953183 1.474826
110.971097 1.323005
111.047432 1.523926
111.065440 1.653783
111.153702 1.392132
111.171663 1.736479
111.252535 1.476764
111.274987 1.653783
111.351275 1.612435
111.373726 1.488393
111.454598 1.381795
111.472513 1.819176
111.553338 1.488393
111.571300 1.405699
111.652146 1.500022
111.670104 1.736479
111.750949 1.392132
111.768956 1.488393
111.867696 1.405699
111.948568 1.433479
111.971019 1.323005
112.071256 1.488393
112.152081 1.501960
112.174532 1.074929
112.273319 1.074929
112.354144 1.323005
112.372105 1.571087
112.470904 1.405699
112.551731 1.350785
112.569742 1.323005
112.672969 1.157620
112.762777 1.474826
112.780734 1.571087
112.861607 1.500022
112.879521 1.736479
112.960346 1.598868
112.978307 1.157620
113.059147 1.653783
113.077109 1.488393
113.162424 1.419266
113.180385 1.323005
113.261210 1.476764
113.279170 1.736479
113.365998 1.557520
113.383959 1.819176
113.478255 1.901873
113.554609 1.488393
113.577061 1.405699
113.671356 1.736479
113.756672 1.584655
113.774680 1.488393
113.876413 1.488393
113.976743 1.640216
113.994657 1.488393
114.075482 1.594992
114.093444 1.323005
114.174269 1.488393
114.196720 1.819176
114.277546 1.594992
114.295507 1.653783
114.376346 1.612435
114.394307 1.488393
114.470688 1.700945
114.493140 1.405699
114.569428 1.667350
114.587390 1.488393
114.686189 1.488393
114.771510 1.584655
114.789473 1.819176
114.888252 1.736479
114.969078 1.777827
114.987085 1.571087
115.090326 1.736479
115.171152 1.653783
115.189158 1.571087
115.287916 1.736479
115.368787 1.598868
115.391239 1.323005
115.489979 2.067270
115.566314 1.750046
115.588765 1.571087
115.687552 1.488393
115.768381 1.653783
115.786338 1.819176
115.889614 1.653783
115.965949 1.681563
115.983910 2.067270
116.087245 1.736479
116.190487 1.571087
116.289320 1.405699
116.388059 1.819176
116.486846 1.653783
116.513836 1.405699
116.585632 1.695131
116.603650 1.736479
116.684419 1.724850
116.702380 1.488393
116.787697 1.653783
116.801167 1.653783
116.886482 1.760383
116.904443 1.488393
116.994249 1.901873
117.099022 1.653783
117.179894 1.598868
117.202359 1.323005
117.301099 1.240312
117.381971 1.860524
117.399885 1.405699
117.498672 1.736479
117.575007 1.653783
117.592968 1.653783
117.696291 1.323005
117.777070 1.640216
117.795034 1.819176
117.899805 1.736479
117.980676 1.653783
118.003137 1.653783
118.092933 1.760383
118.110848 1.901873
118.191673 1.653783
118.214126 1.901873
118.290460 1.535554
118.308421 2.067270
118.389250 1.832743
118.411697 1.819176
118.510484 1.488393
118.600290 1.819176
118.699122 1.819176
118.797862 1.777827
118.815824 1.653783
118.901186 1.736479
118.999925 1.764260
119.017887 1.901873
119.098722 1.783642
119.116683 1.488393
119.197509 1.777827
119.225947 1.984571
119.302282 1.677687
119.324733 1.405699
119.401069 1.708698
119.423520 1.819176
119.499903 1.689316
119.517816 1.736479
119.598641 1.626002
119.618099 1.736479
119.715388 1.901873
119.791770 1.750046
119.815672 1.488393
119.918995 1.984571
119.999774 1.888305
120.022225 1.736479
120.121063 1.571087
120.192856 1.846957
120.219798 1.323005
120.309604 1.736479
120.399410 1.736479
120.417371 1.323005
120.517700 1.571087
120.607517 1.626002
120.629968 1.488393
120.710747 1.724850
120.728709 1.984571
120.809581 1.626002
120.832032 1.901873
120.912810 1.807546
120.930772 1.819176
121.007107 1.764260
121.025068 1.653783
121.105893 1.877968
121.123900 1.736479
121.204679 1.764260
121.222641 1.819176
121.303512 1.653783
121.330408 1.901873
121.406752 1.832743
121.429203 1.736479
121.529491 2.067270
121.610358 1.805608
121.632809 1.736479
121.731549 2.067270
121.807886 1.750046
121.825845 1.819176
121.924690 1.984571
122.009959 1.888305
122.027920 1.653783
122.126753 1.488393
122.209075 1.791395
122.231527 1.653783
122.330268 1.819176
122.411151 1.971003
122.429065 1.653783
122.532343 2.480773
122.613235 1.860524
122.626659 1.736479
122.725492 1.736479
122.806270 1.832743
122.824232 1.901873
122.927556 1.736479
123.009877 1.846957
123.032328 1.736479
123.131076 1.653783
123.211940 1.943222
123.252309 2.067270
123.333132 1.736479
123.427428 1.777827
123.458907 1.736479
123.521738 1.736479
123.544189 1.819176
123.620524 1.888305
123.638532 1.653783
123.723801 1.843080
123.737272 1.901873
123.818144 1.901873
123.845039 1.819176
123.922928 1.783642
123.945379 1.984571
124.026158 1.915440
124.044119 1.653783
124.142906 1.736479
124.223731 1.764260
124.241692 1.405699
124.344969 1.901873
124.421317 1.832743
124.443769 1.984571
124.542555 2.315369
124.623380 2.232669
124.641388 2.149969
124.740128 2.067270
124.820999 2.219101
124.843451 2.149969
124.942191 1.901873
125.023077 1.943222
125.040992 1.984571
125.144269 1.901873
125.229585 1.929654
125.243055 1.984571
125.341842 1.901873
125.422680 1.860524
125.463092 1.571087
125.539473 2.055640
125.561924 1.819176
125.624742 2.039488
125.638213 1.653783
125.741536 1.901873
125.843275 1.984571
125.861278 1.901873
125.942056 2.078899
125.960017 2.149969
126.045333 2.012352
126.063341 2.067270
126.144119 2.138339
126.162081 1.819176
126.242952 2.080837
126.265404 2.232669
126.337202 2.043364
126.359657 2.067270
126.431498 1.832743
126.449459 2.315369
126.552736 2.149969
126.629071 2.053702
126.656013 2.232669
126.756296 1.901873
126.837121 1.956789
126.855082 1.736479
126.940398 1.949037
126.949384 1.819176
127.030204 2.053702
127.052655 1.819176
127.152939 1.819176
127.233764 2.025920
127.256215 2.315369
127.355003 1.984571
127.444807 1.956789
127.467261 1.736479
127.548085 2.067270
127.570536 1.901873
127.646871 2.012352
127.669325 2.149969
127.745660 2.102804
127.768108 1.736479
127.848934 2.080837
127.871386 1.901873
127.952221 2.078899
127.961201 1.901873
128.051007 2.136401
128.069015 1.984571
128.167755 1.736479
128.248641 2.039488
128.266555 1.240312
128.365342 2.315369
128.459638 2.149969
128.558424 2.232669
128.645283 2.108619
128.658708 1.819176
128.766475 2.480773
128.838320 2.080837
128.860771 2.232669
128.961055 2.031735
128.983505 1.819176
129.061347 2.039488
129.085295 1.984571
129.163127 1.736479
129.266466 1.736479
129.362229 2.114434
129.380186 2.149969
129.469992 2.067270
129.573315 1.819176
129.649604 1.971003
129.672055 2.067270
129.770841 2.232669
129.851667 2.149969
129.869628 1.901873
129.968415 2.067270
130.050737 2.039488
130.074731 1.984571
130.173471 2.315369
130.254343 2.204887
130.276794 1.901873
130.375534 2.480773
130.451870 2.246237
130.474321 2.149969
130.568676 1.901873
130.653945 2.067270
130.676402 1.984571
130.770740 2.197134
130.797638 1.984571
130.851519 2.108619
130.869480 2.232669
130.974253 2.268204
131.001195 2.232669
131.073040 2.177751
131.095491 2.067270
131.176316 2.197134
131.194277 2.067270
131.275103 2.452990
131.293064 2.067270
131.373889 2.138339
131.396341 1.901873
131.472676 2.136401
131.508598 1.736479
131.584933 1.984571
131.670256 1.998139
131.688217 2.067270
131.787003 2.149969
131.863400 2.260451
131.885851 2.232669
131.989082 2.480773
132.069907 2.287587
132.087915 1.653783
132.192689 1.901873
132.268977 2.204887
132.286938 1.984571
132.390215 2.149969
132.465552 2.177751
132.483513 2.232669
132.591282 2.067270
132.663125 2.246237
132.690067 2.067270
132.790350 1.984571
132.863747 2.287587
132.892139 1.819176
132.986435 2.126064
133.008898 2.232669
133.062782 2.136401
133.109198 2.067270
133.190023 2.126064
133.212480 2.149969
133.288814 2.219101
133.306789 2.232669
133.387661 2.149969
133.410113 2.563475
133.486400 2.315369
133.508866 2.563475
133.589738 2.279834
133.607652 1.984571
133.688478 2.411639
133.710929 2.067270
133.787264 2.114434
133.809716 2.398071
133.886051 2.328938
133.908502 2.315369
133.989327 2.185504
134.007289 2.232669
134.083670 2.328938
134.110565 1.984571
134.186900 2.102804
134.209356 2.398071
134.285734 2.095051
134.308185 2.232669
134.388964 2.114434
134.406939 2.149969
134.487811 2.039488
134.505741 2.480773
134.586567 2.221039
134.604528 1.984571
134.691340 2.204887
134.709301 2.067270
134.790127 2.078899
134.808088 2.398071
134.884470 2.246237
134.906935 2.232669
134.987721 2.149969
135.011708 1.901873
135.089494 2.246237
135.107455 2.232669
135.207738 1.819176
135.288610 2.025920
135.311077 1.901873
135.409814 2.232669
135.490687 2.191319
135.508602 2.067270
135.607387 2.232669
135.688213 2.163537
135.710665 2.480773
135.805020 2.232669
135.890290 2.053702
135.908250 2.232669
136.007083 2.398071
136.101333 2.149969
136.123785 2.315369
136.195629 2.185504
136.222571 2.149969
136.304893 2.122187
136.322854 1.901873
136.403727 2.173874
136.421641 2.067270
136.502466 2.232669
136.520427 2.067270
136.601253 2.114434
136.623704 2.398071
136.700039 2.219101
136.718047 2.149969
136.798827 2.221039
136.822820 2.149969
136.900605 2.108619
136.923057 2.149969
137.003882 2.197134
137.021844 1.901873
137.098179 2.219101
137.111650 2.315369
137.214939 2.398071
137.295768 2.328938
137.313727 2.315369
137.412513 2.339275
137.439455 2.811587
137.488895 2.494341
137.515790 2.232669
137.610099 2.350905
137.632551 2.232669
137.695416 2.246237
137.735874 1.901873
137.816654 2.232669
137.915486 2.163537
137.933401 2.149969
138.009736 2.279834
138.032187 2.480773
138.114509 2.287587
138.132517 2.398071
138.217786 2.232669
138.235747 2.398071
138.316573 2.232669
138.334580 2.067270
138.415359 2.197134
138.437811 2.398071
138.514207 2.191319
138.536659 2.398071
138.612951 2.315369
138.635399 2.315369
138.716271 2.343152
138.734185 2.149969
138.815011 2.315369
138.832972 2.315369
138.913797 2.232669
138.931758 1.984571
139.035035 2.232669
139.111370 2.232669
139.133822 2.149969
139.214659 2.149969
139.234117 2.480773
139.314989 2.191319
139.337447 1.901873
139.431690 2.398071
139.512527 2.232669
139.534979 2.315369
139.638265 2.067270
139.714600 2.232669
139.737051 2.315369
139.835838 2.728882
139.912186 2.163537
139.930146 2.149969
140.028932 2.149969
140.114258 2.246237
140.132219 2.149969
140.231006 1.819176
140.311832 2.370288
140.335779 2.149969
140.434566 2.067270
140.515409 2.274019
140.537861 2.480773
140.632203 2.197134
140.650119 2.149969
140.730952 2.274019
140.748913 2.232669
140.834275 2.208763
140.852194 2.480773
140.928525 2.274019
140.946532 2.067270
141.031801 2.197134
141.045272 2.149969
141.130588 2.315369
141.148596 2.315369
141.224884 2.232669
141.247336 2.480773
141.328207 2.177751
141.346122 2.067270
141.422457 2.221039
141.444909 2.232669
141.525734 2.204887
141.548186 1.901873
141.629011 2.362535
141.648469 2.563475
141.729295 2.219101
141.751750 2.149969
141.850535 2.398071
141.926914 2.287587
141.949365 2.149969
142.043618 2.149969
142.124440 2.039488
142.142402 2.067270
142.245679 2.480773
142.332512 2.260451
142.346033 2.067270
142.449260 2.232669
142.530085 2.136401
142.548093 1.984571
142.651323 2.067270
142.732148 2.095051
142.750156 2.232669
142.848900 2.315369
142.929770 2.287587
142.947683 2.149969
143.046469 1.901873
143.136288 2.012352
143.163230 2.315369
143.244102 2.221039
143.262016 1.901873
143.338352 2.191319
143.362300 2.232669
143.443126 2.208763
143.461133 2.398071
143.541912 2.163537
143.559873 2.315369
143.649680 1.984571
143.730551 2.287587
143.753006 2.232669
143.851743 2.149969
143.950532 1.819176
144.055302 2.398071
144.136129 2.149969
144.172097 2.067270
144.252876 1.949037
144.275327 1.984571
144.351709 2.219101
144.374160 2.149969
144.450449 2.078899
144.472900 1.984571
144.553772 2.080837
144.567197 2.149969
144.652512 2.067270
144.751299 2.080837
144.769260 2.232669
144.850085 2.244299
144.868093 2.398071
144.948872 2.177751
144.971323 2.232669
145.052149 2.208763
145.070157 2.149969
145.170394 2.067270
145.251219 2.161599
145.269180 2.067270
145.350005 1.915440
145.372457 2.067270
145.453282 2.197134
145.471243 1.901873
145.552069 2.122187
145.570030 1.901873
145.655349 2.208763
145.677797 1.819176
145.749642 2.039488
145.767603 2.232669
145.870927 1.984571
145.951710 2.398071
145.969666 2.232669
146.068470 2.149969
146.153797 2.232669
146.180740 2.398071
146.261578 2.149969
146.348395 2.246237
146.366351 1.901873
146.465138 2.149969
146.487590 2.149969
146.545977 2.219101
146.568428 2.398071
146.667215 2.161599
146.689666 2.480773
146.743550 2.356720
146.770491 2.232669
146.869278 2.067270
146.968073 2.012352
146.990524 1.736479
147.066859 2.102804
147.084820 1.984571
147.165703 2.177751
147.197089 1.819176
147.273425 1.901873
147.354249 2.095051
147.376701 2.067270
147.475488 1.901873
147.551824 2.122187
147.578766 1.819176
147.673077 2.149969
147.753902 2.163537
147.776353 2.149969
147.875140 2.149969
147.960456 2.219101
147.978417 2.232669
148.077204 2.067270
148.159541 2.163537
148.181993 2.149969
148.289768 1.984571
148.366120 2.039488
148.388571 2.067270
148.487358 2.067270
148.563693 2.177751
148.589138 2.067270
148.686427 2.067270
148.779227 2.204887
148.797235 2.232669
148.879557 2.055640
148.897473 1.819176
148.982787 2.232669
149.000749 1.984571
149.081622 2.173874
149.099536 2.149969
149.180361 2.204887
149.202813 2.149969
149.283684 2.197134
149.301599 2.315369
149.377935 2.163537
149.400386 2.067270
149.476721 2.185504
149.494682 2.232669
149.579997 2.191319
149.598005 2.315369
149.678784 2.078899
149.696746 2.232669
149.768591 2.067270
149.792585 1.819176
149.891326 1.901873
149.972209 2.095051
149.994661 1.819176
150.093400 2.232669
150.174272 2.108619
150.192187 2.067270
150.295483 1.984571
150.371818 2.136401
150.389779 1.819176
150.488612 2.067270
150.587369 2.067270
150.605330 1.901873
150.690692 2.161599
150.708607 2.232669
150.780498 2.025920
150.807406 2.149969
