0.000000 0.000000
0.081183 0.457558
0.116223 0.415961
0.202044 0.606399
0.221110 0.499155
0.300160 0.582350
0.317444 -0.083190
0.399364 0.202129
0.416411 -0.166380
0.504156 0.041595
0.516257 -0.249569
0.597519 0.273623
0.617841 -0.415945
0.699075 -0.166380
0.716685 -0.831873
0.795487 -0.321059
0.816620 -0.665503
0.898222 -0.249569
1.009128 0.499155
1.088632 0.346417
1.121967 0.415961
1.303713 0.443909
1.326028 0.332768
1.405608 0.130636
1.422141 0.083191
1.505987 0.291171
1.526194 0.582350
1.603530 0.154684
1.628365 0.166382
1.702675 -0.013648
1.806221 0.344467
1.821708 0.915137
1.903720 0.263224
2.004421 -0.404246
2.026639 -0.083190
2.105210 -0.803928
2.127987 -1.164603
2.202371 -0.594016
2.222755 -0.499132
2.302736 -1.011886
2.328836 0.083191
2.402098 -0.582318
2.424276 0.083191
2.502297 -0.803928
2.522497 -0.166380
2.605356 -0.154681
2.639638 0.000000
2.703285 0.207979
2.721919 0.665546
2.900098 0.568701
2.925898 0.998335
3.023099 1.081534
3.099931 0.845589
3.122606 0.748742
3.219221 0.499155
3.300289 0.845589
3.323721 0.831939
3.419897 0.998335
3.520313 1.331134
3.623467 1.497538
3.700709 0.901487
3.722280 0.915137
3.820511 -0.582318
3.902879 0.235926
3.919684 -0.499132
4.019706 -0.439991
4.040203 -0.665503
4.102285 -0.623911
4.122035 -0.499132
4.222632 -0.332757
4.322431 -0.540725
4.343199 -0.166380
4.419534 -0.344455
4.440261 -0.499132
4.519693 -0.457538
4.543224 -0.249569
4.622677 -0.415945
4.658906 0.166382
4.718611 -0.637558
4.737308 -0.415945
4.819863 -0.618062
4.838527 -0.415945
4.916296 -0.360703
4.936650 -1.081421
5.018031 -0.356804
5.036771 -1.247784
5.120654 -0.402297
5.138721 -0.332757
5.219694 -0.213824
5.239159 -0.249569
5.318597 -0.360703
5.339086 0.166382
5.436773 -0.582318
5.516971 -0.735041
5.536700 -0.249569
5.636316 -1.081421
5.710129 -1.275727
5.748249 -1.247784
5.826856 -1.271828
5.849371 -1.497323
5.929953 -1.039830
5.948340 -1.330964
6.027582 -0.796129
6.046882 -0.332757
6.127941 -0.998239
6.150424 -0.998239
6.228344 -1.164603
6.250563 -1.497323
6.349883 -1.247784
6.428445 -1.283526
6.449653 -0.915056
6.531150 -1.095068
6.549954 -1.330964
6.628790 -1.366706
6.648660 -0.998239
6.727640 -0.943001
6.750340 -1.164603
6.829980 -0.475085
6.849777 -0.249569
6.939164 -0.166380
6.950733 -0.166380
7.028789 0.047445
7.049885 0.332768
7.127426 0.138435
7.148828 0.415961
7.232294 -0.083190
7.248316 -0.249569
7.449118 0.000000
7.531923 0.138435
7.550048 0.249575
7.648809 0.582350
7.760436 0.249575
7.840236 0.059143
7.867842 -0.415945
7.938645 -0.346405
7.962384 -0.998239
8.040748 -0.618062
8.064150 -0.582318
8.140454 -0.540725
8.162214 0.083191
8.241898 -0.344455
8.258435 -0.665503
8.339735 -0.387999
8.371031 -0.831873
8.453847 -1.580501
8.533421 -0.762336
8.550844 -1.164603
8.653237 -0.332757
8.732413 -1.011886
8.752625 -1.081421
8.853750 -1.081421
8.932230 -1.206194
8.953799 -1.247784
9.052873 -0.831873
9.132417 -1.053477
9.153507 -0.332757
9.253763 -0.415945
9.333325 -0.956648
9.353136 -1.164603
9.536416 -0.748688
9.552985 -0.915056
9.655109 -0.831873
9.735462 -1.081421
9.753766 -1.830032
9.853606 -0.998239
9.932204 -1.691621
9.952923 -1.330964
10.053071 -0.665503
10.153495 -0.998239
10.253424 -0.736991
10.273302 -0.915056
10.352889 -0.956648
10.372549 -0.665503
10.450922 -1.045679
10.468872 -0.915056
10.548998 -0.720743
10.570446 -0.415945
10.660020 -0.415945
10.669986 -0.166380
10.750965 -0.332757
10.769186 0.332768
10.848855 -0.427643
10.870728 0.582350
10.948992 -0.540725
11.048477 0.083191
11.250902 -0.071492
11.268819 -0.332757
11.350143 -0.304811
11.369603 0.499155
11.451343 -0.391898
11.469182 -0.166380
11.549661 -1.123012
11.569136 -0.332757
11.669124 -1.164603
11.748854 -1.733210
11.770714 -1.414144
11.853899 -1.913208
11.873215 -1.330964
11.949688 -1.760502
11.969154 -1.330964
12.053355 -1.236087
12.069412 -1.580501
12.152277 -0.901409
12.170026 -0.915056
12.269614 -0.748688
12.349858 -0.748688
12.372473 -0.582318
12.554444 -0.845520
12.571654 -1.330964
12.670866 -1.081421
12.750817 -1.386201
12.770470 -1.164603
12.870522 -1.663679
12.959150 -1.663679
12.970508 -1.081421
13.070965 -1.247784
13.153787 -1.206194
13.169848 -1.996383
13.270531 -1.497323
13.356044 -1.247784
13.371447 -0.831873
13.470756 -1.081421
13.550897 -0.956648
13.572063 -1.913208
13.670988 -0.915056
13.771032 -0.415945
13.871098 -0.748688
13.970865 -0.998239
14.002929 -0.166380
14.071812 -0.915056
14.093039 -1.164603
14.171841 -1.053477
14.191283 -1.497323
14.271194 -1.425841
14.300798 -1.746856
14.370595 -1.469380
14.388892 -1.164603
14.470732 -1.295223
14.488832 -1.081421
14.570509 -1.192547
14.592077 -1.414144
14.668779 -0.820175
14.691220 -1.164603
14.772124 -0.928703
14.868891 -0.701247
14.889606 -0.665503
14.970808 -0.956648
15.070828 -1.449885
15.097354 -1.580501
15.169408 -1.677325
15.191899 -1.663679
15.291785 -1.996383
15.369262 -1.941149
15.393290 -2.245904
15.471414 -1.937251
15.488861 -2.245904
15.572601 -1.705267
15.599992 -1.580501
15.688792 -2.162731
15.771577 -1.913208
15.789511 -1.996383
15.888571 -1.580501
15.968490 -1.566855
15.990216 -1.164603
16.091792 -1.580501
16.168615 -1.677325
16.191093 -1.580501
16.300006 -1.330964
16.373798 -1.303021
16.489619 -0.582318
16.570772 -1.358908
16.591804 -1.330964
16.692059 -0.998239
16.768867 -2.149085
16.799064 -0.998239
16.894408 -1.830032
17.091885 -1.425841
17.117327 -1.746856
17.190269 -1.053477
17.210825 -2.079557
17.290010 -1.449885
17.311862 -0.582318
17.390314 -1.760502
17.409628 -0.748688
17.490883 -1.556458
17.509852 -0.665503
17.589377 -1.497323
17.609834 -1.164603
17.811953 -1.746856
17.894661 -1.271828
17.910701 -1.081421
17.999861 -1.608444
18.013077 -0.831873
18.110662 -0.915056
18.206242 -1.497323
18.208504 -0.332757
18.291050 -1.330964
18.308481 -0.748688
18.389455 -1.510969
18.410813 -1.830032
18.490150 -1.675376
18.511983 -1.580501
18.596471 -1.816386
18.609437 -1.663679
18.700021 -1.782596
18.711956 -1.580501
18.799776 -1.788444
18.811082 -1.663679
18.899842 -1.758552
18.908498 -2.079557
18.995512 -1.677325
19.011755 -2.994431
19.097188 -1.746856
19.109525 -1.996383
19.187246 -2.121144
19.206381 -1.830032
19.306176 -0.998239
19.384971 -2.149085
19.406159 -1.081421
19.504845 -1.830032
19.585191 -2.162731
19.604774 -2.495419
19.702336 -2.115296
19.725341 -1.830032
19.790884 -1.843678
19.805275 -2.329076
19.904655 -1.509020
19.925080 -2.245904
20.003997 -1.427791
20.025805 -1.580501
20.106778 -1.568804
20.124671 -1.663679
20.199443 -1.857974
20.218432 -1.414144
20.301249 -2.008079
20.319682 -1.164603
20.401205 -2.703343
20.418641 -1.913208
20.499384 -2.554548
20.599347 -2.883325
20.619516 -3.493419
20.718990 -2.744928
20.800091 -2.731283
20.818986 -2.245904
20.999225 -1.996383
21.020885 -1.497323
21.120568 -2.578589
21.204403 -1.774798
21.219311 -2.744928
21.320741 -1.746856
21.403248 -1.289374
21.420738 -0.998239
21.519726 -1.414144
21.620630 -1.663679
21.713180 -1.972340
21.734667 -1.247784
21.830826 -2.911264
21.912959 -2.531156
21.933012 -2.162731
22.013232 -2.412248
22.031407 -2.329076
22.111844 -2.459681
22.131330 -2.162731
22.212806 -2.398602
22.233490 -2.495419
22.311227 -2.234207
22.331630 -1.663679
22.408544 -2.079557
22.427151 -1.414144
22.527189 -2.079557
22.607733 -1.968441
22.728343 -1.330964
22.808951 -1.026183
22.828132 -0.582318
22.928015 -0.083190
23.011647 -0.845520
23.028103 -1.247784
23.128364 -1.663679
23.208616 -1.913208
23.229435 -2.162731
23.328990 -2.828096
23.423442 -2.911264
23.523770 -3.077597
23.607274 -2.716988
23.641262 -3.077597
23.723825 -2.744928
23.823732 -2.731283
23.843810 -2.578589
23.924045 -2.412248
23.940598 -1.913208
24.021859 -2.232258
24.041748 -2.412248
24.120257 -2.423944
24.144008 -2.079557
24.221894 -2.204317
24.241903 -2.495419
24.320105 -2.697495
24.342851 -2.744928
24.425243 -2.578589
24.444916 -2.661759
24.540903 -2.578589
24.620789 -2.661759
24.642500 -2.578589
24.720646 -2.423944
24.742359 -2.245904
24.819758 -2.273844
24.839849 -2.495419
24.920678 -1.972340
25.040247 -2.245904
25.122509 -2.459681
25.140957 -2.661759
25.219852 -2.523359
25.243622 -2.245904
25.325170 -2.531156
25.424865 -2.453833
25.445402 -2.744928
25.540985 -2.245904
25.619908 -2.550649
25.640861 -2.578589
25.740851 -2.661759
25.820810 -2.716988
25.842890 -2.744928
25.930631 -2.388206
25.950759 -2.162731
26.030713 -1.705267
26.053088 -1.746856
26.137269 -1.355008
26.151942 -1.580501
26.231880 -1.760502
26.252092 -2.329076
26.334642 -2.103599
26.350980 -2.245904
26.420664 -2.232258
26.454040 -2.661759
26.533794 -2.685800
26.551993 -2.911264
26.634947 -2.564944
26.652377 -3.327092
26.731489 -3.053557
26.752784 -2.495419
26.831861 -3.022369
26.851444 -2.329076
26.931338 -2.447985
26.952422 -2.162731
27.053881 -3.243928
27.132630 -2.768969
27.231906 -2.994431
27.254427 -2.412248
27.333993 -2.650063
27.350933 -1.746856
27.433367 -3.049658
27.553806 -1.746856
27.636953 -2.370662
27.652954 -1.497323
27.736251 -2.174427
27.752537 -2.162731
27.851741 -1.081421
27.951100 -0.332757
28.033422 -2.149085
28.051379 -1.414144
28.154191 -2.329076
28.232892 -3.008075
28.252260 -2.828096
28.350806 -2.911264
28.437407 -3.188701
28.453377 -2.911264
28.552958 -2.911264
28.638343 -2.731283
28.653525 -2.661759
28.753079 -2.744928
28.832995 -2.758572
28.856874 -2.495419
28.952921 -2.744928
29.032435 -3.479775
29.073803 -3.160763
29.234305 -2.744928
29.273059 -2.994431
29.352844 -2.459681
29.374171 -3.909224
29.442851 -2.924908
29.466848 -3.410256
29.563269 -3.659743
29.643268 -3.022369
29.662624 -2.744928
29.764379 -2.329076
29.843372 -2.564944
29.863722 -1.663679
29.948944 -2.126992
29.965659 -0.998239
30.043966 -1.941149
30.065003 -0.831873
30.165803 -0.915056
30.247889 -1.095068
30.266621 -0.748688
30.365962 -0.831873
30.449914 -0.970295
30.466485 -0.748688
30.563715 -0.748688
30.645365 -1.136659
30.664331 -0.998239
30.762830 -1.996383
30.846493 -2.564944
30.954736 -2.780664
30.974224 -3.576581
31.057083 -2.620174
31.078717 -2.412248
31.177829 -1.081421
31.255285 -1.802090
31.278274 -1.414144
31.355739 -1.509020
31.374981 -1.081421
31.462872 -1.635736
31.477365 -1.247784
31.576220 -0.748688
31.656872 -1.843678
31.677825 -1.247784
31.778031 -1.580501
31.856355 -1.095068
31.961509 -1.128861
31.986056 -0.998239
32.057853 -1.192547
32.075905 -1.663679
32.177896 -1.830032
32.256130 -1.857974
32.276389 -1.580501
32.376367 -2.329076
32.465319 -2.093203
32.485562 -2.079557
32.566614 -1.770899
32.586617 -1.663679
32.666863 -1.941149
32.687534 -1.330964
32.766644 -2.055515
32.786846 -1.746856
32.867030 -1.552559
32.886740 -1.580501
32.970397 -1.355008
33.069108 -1.802090
33.086999 -2.079557
33.167485 -1.818335
33.186656 -2.578589
33.270636 -1.899562
33.286513 -2.329076
33.369247 -2.151034
33.386561 -2.828096
33.472881 -2.259549
33.494039 -2.495419
33.567168 -2.210165
33.586439 -1.913208
33.666482 -2.134790
33.787693 -1.164603
33.865665 -1.483676
33.886495 -1.663679
33.974470 -1.663679
34.066621 -1.830032
34.085620 -2.162731
34.186690 -2.162731
34.266716 -1.663679
34.286786 -2.412248
34.386522 -2.412248
34.485638 -1.663679
34.586819 -1.663679
34.667873 -1.400497
34.687637 -1.746856
34.786938 -1.830032
34.866729 -1.733210
34.887985 -1.414144
34.995080 -1.081421
35.068079 -1.816386
35.087258 -1.497323
35.187530 -0.582318
35.267268 -2.051616
35.287790 -1.330964
35.387797 -1.497323
35.467988 -1.913208
35.494786 -1.580501
35.586088 -2.043818
35.609188 -1.663679
35.685483 -2.162731
35.707329 -1.746856
35.785101 -2.186773
35.814261 -1.164603
35.905552 -2.079557
36.002104 -2.329076
36.082971 -2.384307
36.101227 -1.996383
36.181681 -1.889165
36.205131 -1.414144
36.282636 -1.427791
36.306855 -1.414144
36.407226 -1.580501
36.482568 -1.857974
36.508889 -1.414144
36.603456 -1.247784
36.683612 -2.107498
36.702805 -1.497323
36.782859 -2.091253
36.801284 -1.830032
36.882642 -2.342721
36.902243 -2.578589
37.006774 -2.245904
37.081705 -2.065911
37.101984 -1.746856
37.280328 -2.481773
37.302020 -2.661759
37.400826 -2.828096
37.482914 -2.648114
37.515753 -3.576581
37.595838 -2.554548
37.612520 -2.412248
37.695874 -2.149085
37.713853 -1.663679
37.796082 -1.984686
37.896850 -1.733210
37.913103 -2.079557
37.995827 -1.770899
38.019358 -1.913208
38.095073 -2.190672
38.113037 -2.245904
38.194789 -2.091253
38.213023 -1.996383
38.294874 -1.996383
38.315665 -1.913208
38.397021 -2.067861
38.414350 -2.661759
38.495430 -1.705267
38.522899 -2.329076
38.606877 -1.330964
38.684708 -1.788444
38.707150 -1.330964
38.805683 -0.998239
38.908322 -1.247784
39.008784 -2.162731
39.084348 -2.051616
39.115866 -2.162731
39.199389 -1.865772
39.218111 -2.079557
39.318306 -1.830032
39.419292 -2.162731
39.504498 -1.926854
39.517367 -2.079557
39.601915 -1.794292
39.626332 -1.913208
39.689004 -2.093203
39.731673 -1.663679
39.806360 -1.805989
39.829839 -0.998239
39.908119 -1.510969
39.926258 -1.497323
40.008237 -1.449885
40.027219 -1.414144
40.108084 -1.178250
40.207336 -1.521367
40.229514 -1.996383
40.309445 -1.843678
40.326735 -1.913208
40.426154 -1.414144
40.512861 -0.915056
40.608095 -0.986542
40.639395 -0.415945
40.702915 -1.123012
40.719148 0.166382
40.822674 -0.748688
40.900307 -1.386201
40.920045 -1.414144
41.021537 -1.330964
41.101870 -2.093203
41.122896 -1.663679
41.219118 -1.913208
41.300263 -2.273844
41.321440 -2.245904
41.502157 -2.024324
41.620634 -1.414144
41.815992 -1.330964
41.916835 -1.109365
42.012727 -1.259481
42.036326 -0.665503
42.134132 -0.831873
42.216235 -1.449885
42.238486 -1.830032
42.315733 -1.580501
42.334341 -1.247784
42.415541 -1.449885
42.435912 -1.663679
42.514140 -1.344611
42.535995 -1.497323
42.616649 -1.616242
42.635622 -1.330964
42.712857 -1.081421
42.732826 -0.998239
42.834540 -1.247784
42.914672 -1.053477
42.934375 -0.665503
43.034597 -1.414144
43.137011 -1.164603
43.217740 -1.069724
43.236897 -0.499132
43.314620 -1.011886
43.434152 -1.663679
43.514227 -1.330964
43.535874 -1.746856
43.635772 -1.497323
43.718161 -1.234137
43.735447 -0.499132
43.835427 -0.582318
43.914187 -1.234137
43.934418 -1.497323
44.035611 -2.744928
44.116332 -0.610263
44.134611 -2.162731
44.235509 0.748742
44.314257 -0.069542
44.334611 1.247933
44.435406 0.665546
44.534399 -0.332757
44.634216 -1.271828
44.658546 -1.497323
44.715703 -1.303021
44.736568 -1.913208
44.832864 -1.247784
44.859097 -2.578589
44.927671 -1.483676
44.951741 -2.162731
45.029467 -1.461582
45.049404 -0.998239
45.128271 -1.400497
45.149655 -1.913208
45.229191 -1.402447
45.253952 -1.497323
45.329167 -1.830032
45.349197 -2.245904
45.449019 -1.414144
45.528322 -1.317318
45.549982 -1.164603
45.631315 -0.903359
45.647924 -1.164603
45.727002 -0.374351
45.751253 -0.582318
45.953086 -0.665503
46.032819 -0.820175
46.051228 -0.665503
46.130643 -0.415945
46.151911 -0.166380
46.252537 0.166382
46.327131 0.124787
46.354231 0.166382
46.444630 0.166382
46.527336 0.124787
46.563381 0.166382
46.641497 -0.024047
46.664123 -0.332757
46.743478 -0.471186
46.764285 0.083191
46.843521 -0.451689
46.863285 -0.332757
46.964722 -0.332757
47.047965 -0.582318
47.141724 -0.748688
47.164629 -0.582318
47.244638 -0.784432
47.262458 -0.415945
47.344778 -0.720743
47.364430 -0.915056
47.457401 -0.582318
47.535266 -0.582318
47.555217 -0.499132
47.655303 0.000000
47.735654 -0.207974
47.754402 0.249575
47.854788 -0.083190
47.937827 -0.277515
47.956278 -0.083190
48.057602 -0.332757
48.137741 -0.623911
48.156356 -0.166380
48.255954 -0.499132
48.334890 -0.540725
48.357691 -0.083190
48.450010 -0.285314
48.472928 0.000000
48.552264 -0.637558
48.572892 -0.166380
48.649501 -0.618062
48.668651 -0.582318
48.750492 -0.651856
48.768535 -0.166380
48.850282 -0.570620
48.869828 -0.499132
48.950392 -0.665503
48.967789 -0.582318
49.049192 -0.332757
49.068479 0.249575
49.152671 -0.013648
49.168121 0.249575
49.252423 0.130636
49.268856 -0.499132
49.352797 0.471207
49.370121 0.415961
49.448743 0.142335
49.470148 0.499155
49.550631 -0.346405
49.569962 -0.582318
49.667969 -0.332757
49.670629 0.249575
49.750784 -0.277515
49.769831 -0.582318
49.850610 -0.380200
49.870475 -0.415945
49.952903 -0.499132
49.968537 -0.249569
50.051861 -0.356804
50.071005 0.083191
50.150660 -0.194326
50.170711 -0.499132
50.270247 -0.748688
50.350906 -0.443890
50.370341 -0.582318
50.463740 0.000000
50.564113 -0.083190
50.665079 0.166382
50.745049 0.194330
50.781266 0.083191
50.864100 0.796190
50.954074 1.178383
51.075837 0.748742
51.372061 0.665546
51.477241 -0.332757
51.554764 0.735093
51.571858 -0.249569
51.674232 2.079972
51.754728 0.859888
51.773359 2.329597
51.960049 0.568701
52.075671 1.331134
52.155502 0.249575
52.175619 0.582350
52.275137 0.415961
52.356427 1.317484
52.375132 0.998335
52.485353 1.580741
52.564195 1.261584
52.584455 1.414336
52.684696 1.331134
52.785293 0.831939
52.885436 0.415961
52.984390 0.665546
53.085360 0.665546
53.163623 0.291171
53.283411 1.081534
53.364517 1.151083
53.384757 1.913559
53.487399 1.331134
53.564400 1.095184
53.585763 1.164733
53.686414 0.582350
53.765513 0.623948
53.785963 0.582350
53.966328 0.776691
53.986388 0.915137
54.085478 0.998335
54.183724 1.469587
54.205492 1.414336
54.283471 1.818653
54.304854 1.996765
54.385090 2.024718
54.406365 1.830354
54.487808 1.663945
54.707790 1.414336
54.788777 1.400686
54.807208 1.247933
54.889437 1.117283
54.905023 0.831939
54.990865 1.081534
55.088267 1.176433
55.104019 1.497538
55.184176 1.747149
55.287134 1.723097
55.404087 1.663945
55.492951 1.497538
55.585758 1.372735
55.604693 1.497538
55.683880 1.544990
55.705431 1.414336
55.804897 1.580741
55.884455 1.438386
55.906461 1.164733
55.984134 1.344785
56.004885 0.998335
56.089478 0.986635
56.190753 0.915137
56.285872 0.831939
56.303960 0.332768
56.384057 0.596000
56.405548 0.748742
56.515860 0.499155
56.586828 0.304820
56.611660 0.249575
56.706964 0.332768
56.784256 0.055244
56.806326 -0.166380
56.984468 0.332768
57.017223 0.249575
57.107838 0.273623
57.115188 0.415961
57.207680 0.319119
57.215446 0.332768
57.295919 0.249575
57.315176 -0.166380
57.402010 0.263224
57.417668 0.000000
57.517178 0.499155
57.615496 0.915137
57.717727 0.415961
57.797048 0.901487
57.816503 0.665546
57.899767 1.081534
57.997955 0.943086
58.029625 1.830354
58.109787 1.747149
58.187787 1.483888
58.210822 1.081534
58.390345 1.344785
58.410543 0.332768
58.509109 -0.083190
58.590032 0.790341
58.610142 0.000000
58.710642 0.415961
58.790287 0.471207
58.909624 -0.665503
58.989992 1.039934
59.033472 -0.249569
59.110346 0.582350
59.209046 0.998335
59.229591 0.249575
59.310274 0.843639
59.330279 1.247933
59.410714 0.790341
59.430383 0.665546
59.510279 1.236233
59.535489 0.582350
59.610730 1.261584
59.629592 0.665546
59.709695 1.663945
59.820616 1.331134
59.830977 0.415961
59.917136 1.414336
59.932007 0.665546
60.011019 1.525489
60.211979 0.901487
60.222728 0.998335
60.321619 0.499155
60.414033 1.136783
60.421702 -0.083190
60.521713 0.831939
60.603323 1.497538
60.622233 1.247933
60.721979 0.748742
60.804363 1.386385
60.821992 1.331134
60.921868 1.497538
61.114820 1.295384
61.215092 1.289534
61.236468 0.915137
61.316122 1.010035
61.335946 0.915137
61.436177 0.748742
61.516282 0.737043
61.616608 0.859888
61.633702 0.665546
61.714976 1.069834
61.816130 1.442287
61.843407 1.497538
61.916767 1.687996
62.015603 1.525489
62.036583 1.580741
62.114877 1.366885
62.135467 1.580741
62.215211 1.594392
62.234043 1.081534
62.334828 1.580741
62.416041 1.622343
62.537020 1.996765
62.614939 1.469587
62.633815 2.079972
62.737198 1.663945
62.815621 1.733498
62.835061 0.998335
62.935122 3.244938
63.013218 1.622343
63.035785 2.828864
63.135738 1.830354
63.215038 1.830354
63.236520 1.081534
63.334658 0.166382
63.415586 1.289534
63.535762 1.580741
63.638888 1.414336
63.814462 0.818290
63.836181 1.247933
63.937333 1.331134
64.016844 0.831939
64.054969 1.164733
64.129418 1.402636
64.146444 1.247933
64.228238 1.344785
64.250786 0.998335
64.328692 1.580741
64.431106 2.135227
64.528991 1.866106
64.628160 1.400686
64.650557 1.331134
64.730027 1.485838
64.748221 1.663945
64.828927 1.455937
64.847966 1.747149
64.949196 1.497538
65.028737 1.178383
65.051268 0.831939
65.140440 0.915137
65.160898 0.582350
65.242758 1.164733
65.341859 0.915137
65.362247 1.414336
65.439604 1.344785
65.460963 2.079972
65.545379 1.901858
65.562791 2.079972
65.641656 2.482365
65.660718 2.745651
65.741706 2.424508
65.764133 2.496016
65.839986 2.523970
65.862002 2.163180
65.961790 1.830354
66.039799 2.315945
66.162804 2.246388
66.242621 1.983114
66.260110 1.580741
66.343531 1.652244
66.361240 1.830354
66.442134 1.635993
66.543431 2.008466
66.561727 2.828864
66.633146 2.121576
66.653684 1.996765
66.752883 1.497538
66.833697 1.760800
66.856909 1.913559
66.953810 1.331134
67.036723 1.552790
67.054823 1.414336
67.153687 1.247933
67.256670 1.331134
67.353542 1.378585
67.374971 1.414336
67.437864 1.677595
67.458024 1.580741
67.553121 1.842054
67.572967 1.996765
67.639858 2.232737
67.676355 2.329597
67.757699 2.745651
67.883066 2.246388
67.956809 2.329597
68.056991 1.788751
68.074526 1.497538
68.148627 1.675645
68.175776 1.663945
68.255446 1.983114
68.349017 2.305544
68.371758 2.662439
68.449391 2.717697
68.471794 2.329597
68.555122 2.448561
68.573959 2.995292
68.658503 2.662439
68.679232 2.579227
68.758995 2.650737
68.782742 2.662439
68.865448 2.496016
68.962358 2.163180
69.058758 2.440760
69.083466 2.329597
69.162225 2.567526
69.180018 2.246388
69.259995 2.648787
69.282803 2.412806
69.359744 2.698194
69.378849 2.912077
69.461176 2.634485
69.479542 2.745651
69.579642 2.662439
69.666169 1.996765
69.758619 2.222335
69.862237 1.802402
69.879335 1.414336
69.959159 1.794601
69.980770 1.913559
70.058392 1.899908
70.080889 2.163180
70.359635 2.817162
70.480493 2.912077
70.560765 1.782901
70.580871 3.993914
70.661331 1.400686
70.689656 2.079972
70.778805 1.830354
70.859974 1.760800
70.878757 1.164733
71.059992 2.176831
71.079957 1.164733
71.189842 1.996765
71.271709 2.773605
71.291383 1.996765
71.370488 2.579227
71.390337 2.412806
71.473603 2.163180
71.489238 1.247933
71.572110 1.842054
71.591804 1.164733
71.670657 1.539139
71.699880 1.913559
71.774150 1.961013
71.790827 1.913559
71.875133 2.343248
71.893381 2.246388
71.972106 2.579227
71.991545 2.828864
72.074175 2.731999
72.090783 3.078506
72.171084 2.531771
72.200857 2.079972
72.371768 2.163180
72.391771 1.996765
72.491091 1.996765
72.571222 2.234687
72.671249 2.357550
72.706836 2.828864
72.785008 2.246388
72.885237 2.828864
73.066858 2.565576
73.087770 2.912077
73.188731 2.912077
73.265137 2.815212
73.286166 2.912077
73.464487 2.384853
73.486104 2.496016
73.667983 2.329597
73.714966 2.579227
73.784099 2.603281
73.809197 2.828864
73.884837 2.537622
73.906305 3.078506
73.984883 2.900375
74.008066 2.995292
74.088747 2.496016
74.184964 2.531771
74.281681 2.093623
74.383268 2.341298
74.401873 1.996765
74.483316 2.384853
74.501401 2.163180
74.602907 1.747149
74.681387 2.357550
74.701871 2.163180
74.781846 2.721597
74.804435 2.496016
74.883797 2.856818
74.901981 2.662439
74.982342 2.555174
75.083407 2.232737
75.105079 1.830354
75.202774 1.996765
75.274141 2.384853
75.312148 1.913559
75.399852 1.996765
75.413673 2.246388
75.493627 1.691896
75.513190 1.747149
75.593079 2.068271
75.612519 1.830354
75.695084 2.482365
75.714209 1.996765
75.791480 2.959535
75.812623 2.828864
75.899817 3.300199
75.911547 2.828864
75.996278 2.923779
76.011996 2.828864
76.092252 2.690393
76.111369 2.662439
76.191343 2.757353
76.211918 3.161722
76.290480 2.745651
76.311393 2.246388
76.396908 2.745651
76.412984 2.329597
76.491194 2.579227
76.514246 2.412806
76.611141 3.161722
76.691187 2.925730
76.719569 2.745651
76.798246 2.804810
76.896305 2.315945
76.912982 1.996765
77.090494 1.719197
77.113231 1.996765
77.211205 2.412806
77.401077 2.614982
77.420245 4.326809
77.503233 2.912077
77.521995 4.326809
77.601625 2.995292
77.621231 3.161722
77.701342 2.856818
77.720617 2.995292
77.802975 2.781406
77.822882 3.910691
77.903929 2.509668
77.922611 2.995292
78.004006 2.401105
78.021977 3.078506
78.101323 2.523970
78.121844 3.244938
78.207067 2.662439
78.334046 3.661029
78.412967 2.912077
78.514256 3.078506
78.612191 3.197479
78.634684 3.328155
78.711329 3.216983
78.734828 3.078506
78.812310 3.185777
78.831958 3.993914
78.911517 3.549853
78.931736 2.662439
79.012614 3.352210
79.034252 3.078506
79.112360 3.522547
79.131636 3.827470
79.211328 3.744249
79.233655 4.077136
79.336064 3.661029
79.413281 3.863229
79.436944 3.577809
79.513080 3.980260
79.534029 3.411372
79.615253 3.863229
79.714354 3.813816
79.733164 3.744249
79.816009 3.566107
79.932293 3.494591
80.034345 3.993914
80.114630 3.882734
80.131314 3.827470
80.214250 3.625270
80.234347 3.328155
80.309996 3.203330
80.327729 3.328155
80.427374 2.329597
80.546498 2.329597
80.727648 2.163180
80.824651 2.412806
80.849553 2.079972
80.927608 2.163180
81.028370 2.579227
81.127233 2.537622
81.224612 2.804810
81.244623 2.995292
81.318639 3.231285
81.339375 3.494591
81.438331 3.577809
81.517247 3.772206
81.539624 3.577809
81.837501 3.577809
81.916966 3.036899
81.941119 3.661029
82.039796 3.161722
82.117388 2.925730
82.139429 2.828864
82.239929 2.745651
82.327407 2.787257
82.349743 3.161722
82.432214 3.197479
82.450225 3.577809
82.530759 3.300199
82.547622 3.328155
82.632090 2.852918
82.651355 2.745651
82.731660 2.759303
82.830724 2.567526
82.850820 2.995292
82.930809 2.399155
83.028486 2.460262
83.050968 2.246388
83.127243 2.412806
83.149936 2.745651
83.229493 2.698194
83.250250 2.579227
83.320742 2.648787
83.340852 2.995292
83.439775 2.828864
83.520902 2.842516
83.540874 3.078506
83.644008 2.246388
83.741364 3.300199
83.761820 2.912077
83.841911 2.840566
83.860814 2.912077
83.940805 2.828864
83.962229 2.995292
84.044086 2.721597
84.140582 2.565576
84.160666 2.579227
84.260473 2.995292
84.337447 2.454411
84.437143 2.686492
84.457837 2.995292
84.540403 2.496016
84.654842 1.830354
84.737013 2.343248
84.757499 1.747149
84.854105 2.329597
84.936958 2.010416
84.954142 2.329597
85.054791 1.663945
85.137112 2.246388
85.157546 2.329597
85.254927 2.412806
85.330855 2.940032
85.352106 3.078506
85.552223 2.246388
85.652154 1.580741
85.731814 2.454411
85.770849 1.497538
85.859891 2.127426
85.951173 2.426458
85.971207 2.496016
86.074238 3.078506
86.150815 2.468063
86.170865 1.830354
86.253015 2.555174
86.345762 2.468063
86.364478 2.329597
86.447026 2.757353
86.463207 2.496016
86.543234 3.148069
86.563254 2.912077
86.666185 2.163180
86.743240 4.132402
86.763616 3.744249
86.851411 3.755952
86.870281 3.744249
86.946172 4.160360
86.963304 3.827470
87.065843 3.661029
87.146985 3.619419
87.163506 3.744249
87.269358 3.744249
87.356911 3.036899
87.376202 4.326809
87.454082 3.530349
87.475704 3.827470
87.558014 3.536200
87.574257 3.827470
87.654145 3.755952
87.674135 4.659715
87.756836 3.577809
87.874818 3.494591
87.976990 3.328155
88.057787 3.125965
88.076898 3.494591
88.156098 3.439328
88.174919 3.577809
88.256058 3.411372
88.277650 3.411372
88.363634 3.314502
88.376825 3.244938
88.479960 3.744249
88.574102 3.744249
88.756413 4.132402
88.776733 4.659715
88.878778 4.410034
88.956600 4.631755
89.080974 4.410034
89.155474 4.090790
89.184077 4.410034
89.356683 3.924345
89.386023 3.328155
89.460374 3.755952
89.580112 3.494591
89.661608 3.375615
89.676121 3.411372
89.780211 3.661029
89.898840 2.995292
89.955967 2.773605
90.076036 3.661029
90.153599 3.216983
90.173899 3.328155
90.275676 3.494591
90.355767 3.189677
90.475815 3.411372
90.555673 3.480938
90.576035 3.161722
90.776443 3.064854
90.795059 2.412806
90.875717 2.626684
90.976383 2.842516
90.999245 2.828864
91.098865 2.246388
91.175975 2.690393
91.198864 2.662439
91.276892 2.828864
91.298078 2.745651
91.376022 2.995292
91.410769 2.163180
91.476283 2.520070
91.498829 2.828864
91.576269 2.440760
91.675472 2.174881
91.696815 5.658496
91.775635 2.093623
91.796689 3.661029
91.876314 2.055920
91.896069 1.247933
91.975949 2.107925
91.996116 1.663945
92.075921 2.270440
92.197842 1.830354
92.299822 3.577809
92.374868 1.871956
92.395937 3.827470
92.476165 2.329597
92.496705 4.077136
92.576556 2.176831
92.676965 2.401105
92.694907 2.995292
92.774963 2.537622
92.796421 3.411372
92.897359 3.494591
92.989796 2.912077
93.089719 2.496016
93.169505 2.482365
93.190076 2.329597
93.290629 2.246388
93.369740 2.149528
93.389971 1.996765
93.488647 1.913559
93.519764 1.996765
93.589716 1.968813
93.610788 2.496016
93.690711 2.115725
93.709608 2.412806
93.774326 2.343248
93.792156 2.662439
93.888742 2.365351
93.912037 2.579227
94.006404 2.828864
94.107002 3.328155
94.187409 2.093623
94.206941 2.079972
94.287887 1.913559
94.307816 1.747149
94.386122 1.871956
94.405840 1.830354
94.487700 1.414336
94.508416 1.663945
94.588343 1.608692
94.685980 1.569041
94.789619 2.010416
94.808466 2.079972
94.891805 1.806302
94.905856 1.747149
94.989349 1.968813
95.006511 1.580741
95.089355 2.020817
95.108651 2.079972
95.188864 1.913559
95.308374 1.663945
95.389463 1.760800
95.498920 2.104024
95.518457 2.079972
95.581131 2.482365
95.798983 2.440760
95.820837 1.996765
95.900030 2.293843
95.920382 2.079972
96.000250 2.232737
96.019679 2.079972
96.098917 2.460262
96.119712 2.163180
96.203533 2.163180
96.298938 1.972713
96.318395 1.580741
96.400088 1.816703
96.420232 1.996765
96.499745 2.020817
96.519160 1.996765
96.600576 1.913559
96.620563 0.249575
96.699928 1.544990
96.799020 2.010416
97.012655 1.247933
97.114418 2.579227
97.193321 1.844004
97.211863 1.747149
97.311279 1.247933
97.391670 2.648787
97.412498 1.913559
97.512428 2.745651
97.612711 2.079972
97.711724 1.913559
97.790400 2.107925
97.815030 1.913559
97.927933 1.830354
98.002834 1.608692
98.105889 1.794601
98.203589 1.650294
98.225630 1.913559
98.306347 1.604792
98.331638 1.663945
98.404951 1.927210
98.425109 2.079972
98.522639 1.996765
98.605241 1.996765
98.624397 1.663945
98.725852 1.580741
98.805856 1.733498
98.825788 1.580741
98.920033 1.663945
98.999189 1.719197
99.118775 1.497538
99.199490 1.635993
99.219008 1.580741
99.518206 1.402636
99.539155 0.831939
99.640327 0.998335
99.719670 1.485838
99.740248 1.580741
99.819285 1.871956
99.838993 1.913559
99.919755 1.854405
99.938886 2.079972
100.019534 1.775100
100.119070 1.842054
100.138956 1.747149
100.220242 1.802402
100.239177 1.247933
100.319754 1.735448
100.422178 1.677595
100.519207 1.652244
100.540054 1.414336
100.618773 1.539139
100.719472 1.247933
100.819026 1.635993
100.921523 1.247933
100.941914 0.915137
101.040283 1.164733
101.117720 0.903437
101.139328 0.582350
101.217824 0.720793
101.242072 0.915137
101.319983 0.831939
101.340142 1.081534
101.429869 1.219983
101.449793 1.497538
101.529788 2.163180
101.651170 1.996765
101.729810 2.068271
101.748470 1.747149
101.827564 2.204784
101.849177 1.913559
101.940859 1.081534
102.024356 0.818290
102.041814 1.663945
102.140671 2.496016
102.226416 0.693495
102.243286 1.497538
102.340231 2.496016
102.421170 1.400686
102.448856 2.662439
102.624014 1.816703
102.643091 1.913559
102.742605 1.414336
102.823870 1.414336
102.842256 1.747149
103.022230 1.303184
103.042712 0.831939
103.145256 1.747149
103.222220 1.386385
103.342504 1.913559
103.421970 1.511189
103.454502 1.164733
103.536012 1.604792
103.655752 1.247933
103.736814 1.556690
103.754453 0.665546
103.835336 1.303184
103.854519 1.331134
103.936646 1.616492
103.956960 1.913559
104.037989 2.079972
104.054989 1.747149
104.154837 1.331134
104.234692 1.635993
104.335235 1.438386
104.357464 1.414336
104.438433 0.915137
104.462606 0.915137
104.536810 0.807890
104.554631 1.414336
104.635004 1.039934
104.655615 1.414336
104.739960 1.438386
104.758068 0.831939
104.855631 1.497538
104.962458 1.580741
105.039771 1.164733
105.054887 1.747149
105.154902 1.331134
105.239500 1.539139
105.254979 1.580741
105.357987 1.747149
105.434625 1.608692
105.457806 1.164733
105.649198 1.497538
105.668259 2.496016
105.748409 1.818653
105.851027 1.844004
105.869598 1.081534
105.949302 1.663945
106.048393 1.497538
106.069219 1.913559
106.152776 1.497538
106.169609 1.996765
106.249916 1.359085
106.269138 1.331134
106.348121 1.414336
106.371915 1.913559
106.449901 1.719197
106.469939 1.580741
106.568105 2.163180
106.646868 2.038369
106.764968 2.496016
106.846563 1.775100
106.865113 2.163180
107.045790 2.399155
107.064326 2.412806
107.149953 2.650737
107.164675 2.579227
107.242338 2.662439
107.264630 3.078506
107.364212 2.912077
107.445777 2.690393
107.464880 2.745651
107.561599 2.412806
107.658944 2.620833
107.758695 2.650737
107.778331 2.662439
107.858606 2.634485
107.877818 2.246388
107.958823 2.436859
107.978026 2.412806
108.058690 2.468063
108.077889 1.996765
108.165421 2.745651
108.258037 2.551274
108.277869 2.828864
108.357970 2.496016
108.379111 2.745651
108.459840 2.648787
108.478152 2.995292
108.560177 2.471963
108.581125 2.329597
108.668247 1.747149
108.758023 1.889507
108.861344 2.038369
108.880998 1.747149
108.979834 2.079972
109.059314 2.426458
109.079472 1.830354
109.165429 2.662439
109.179995 4.160360
109.259845 2.925730
109.278840 3.744249
109.360628 2.757353
109.379308 3.494591
109.458731 1.941511
109.479684 3.577809
109.580568 1.996765
109.666228 1.913559
109.678956 2.163180
109.778132 2.079972
109.860729 2.898425
109.881300 2.412806
109.979414 2.412806
110.060482 2.828864
110.078001 2.163180
110.170211 2.424508
110.194707 2.662439
110.272721 2.523970
110.294148 2.079972
110.476006 2.607181
110.491709 2.412806
110.590282 2.579227
110.678380 2.399155
110.694128 2.079972
110.770105 2.305544
110.874339 2.509668
110.893423 1.913559
110.970683 2.579227
110.991357 1.830354
111.073347 2.301644
111.180856 1.711397
111.200966 2.079972
111.282798 1.802402
111.302985 1.663945
111.381147 1.461787
111.400837 1.663945
111.481571 1.164733
111.512017 1.247933
111.584586 1.473487
111.612394 1.580741
111.689802 1.497538
111.780734 1.592441
111.802647 1.580741
111.881211 1.483888
111.902932 1.497538
112.006446 1.414336
112.083713 1.303184
112.103286 1.747149
112.198896 1.331134
112.300880 1.663945
112.378810 1.093234
112.399154 2.163180
112.478787 1.247933
112.498916 2.163180
112.677167 1.677595
112.712838 2.079972
112.798941 1.580741
112.879942 2.149528
112.898132 2.912077
112.999239 2.496016
113.204660 1.580741
113.277215 0.956736
113.297715 1.331134
113.399120 1.580741
113.477842 0.748742
113.498485 1.081534
113.596195 1.164733
113.677886 0.720793
113.707849 0.582350
113.877240 0.485506
113.898205 0.415961
113.999852 0.748742
114.077898 0.596000
114.100328 0.998335
114.210859 0.915137
114.289805 0.679195
114.311165 -0.166380
114.389826 1.010035
114.490717 1.219983
114.509829 0.000000
114.589745 0.594050
114.610107 1.414336
114.695144 0.748742
114.718758 1.497538
114.792368 0.807890
114.818243 0.748742
114.890784 1.164733
114.919230 0.665546
114.993125 1.034084
115.012399 0.083191
115.092176 1.234283
115.112790 0.499155
115.227957 0.249575
115.285865 0.374364
115.307882 0.000000
115.410205 -0.083190
115.504444 -0.499132
115.606017 -1.081421
115.706909 0.249575
115.806010 0.998335
115.886903 0.831939
115.910774 0.083191
116.008024 0.879388
116.026128 0.083191
116.109388 0.000000
116.209791 0.083191
116.326674 0.915137
116.405814 -0.380200
116.505877 -0.055244
116.525837 -1.746856
116.607329 -0.225522
116.627247 -0.415945
116.724851 0.083191
116.808134 0.190430
116.826339 -0.249569
116.906717 0.027947
116.927345 0.000000
117.006345 -0.130634
117.026853 -0.166380
117.106933 -0.124785
117.126858 -0.249569
117.206640 -0.404246
117.226794 -0.582318
117.309489 -0.527077
117.326817 -0.249569
117.406225 -0.475085
117.527264 -0.748688
117.625872 -0.083190
117.708423 0.096839
117.727695 -0.166380
117.806992 -0.249569
117.827446 0.415961
117.906194 -0.332757
117.925840 -0.582318
118.025847 -0.582318
118.107898 0.263224
118.127747 -0.582318
118.227414 0.249575
118.303614 -0.319109
118.323168 -0.499132
118.422761 -0.831873
118.503182 -0.637558
118.523622 -0.499132
118.622860 -0.332757
118.703612 -0.748688
118.720387 -0.582318
118.821614 -0.665503
118.904229 -0.651856
118.921789 0.415961
119.024472 -0.998239
119.104908 -0.665503
119.124165 -1.414144
119.221878 -0.582318
119.322454 -0.665503
119.418173 -0.950799
119.438653 -0.665503
119.518630 -0.748688
119.536081 -0.915056
119.620051 -0.618062
119.719221 -0.595965
119.738681 0.083191
119.818836 -0.689549
119.838592 -0.665503
119.928631 -1.330964
120.029077 0.083191
120.110653 -0.873465
120.147839 0.582350
120.228027 -1.663679
120.308883 -1.427791
120.426367 -1.461582
120.446370 -1.996383
120.547972 -1.164603
120.626100 -1.438188
120.650069 -1.497323
120.730607 -2.828096
120.826975 -1.818335
120.929994 -2.010029
120.947777 -0.915056
121.027103 -1.901511
121.126964 -2.523359
121.154045 -1.330964
121.227973 -2.733232
121.250471 -1.996383
121.329409 -2.509064
121.428262 -2.126992
121.450041 -2.578589
121.547483 -1.497323
121.628871 -1.544761
121.646965 -1.247784
121.728183 -1.455733
121.748491 -2.495419
121.849747 -1.497323
121.920767 -1.164603
121.939480 -1.247784
122.120187 -1.718914
122.139359 -1.580501
122.238128 -2.067861
122.259031 -1.663679
122.318969 -1.816386
122.437591 -2.020425
122.459540 -2.079557
122.519966 -2.010029
122.557915 -1.830032
122.639334 -1.735159
122.661196 -1.247784
122.739152 -1.372554
122.759030 -1.164603
122.840435 -1.247784
122.858009 -1.580501
122.923857 -1.317318
122.959956 -0.915056
123.039277 -1.081421
123.058976 -1.081421
123.139135 -1.261431
123.159534 -1.996383
123.238425 -1.247784
123.340160 -1.234137
123.358539 -0.332757
123.452505 -1.164603
123.533067 -1.774798
123.552725 -2.495419
123.652145 -2.245904
123.732064 -2.259549
123.752836 -2.578589
123.851417 -2.578589
124.051867 -1.663679
124.132042 -2.065911
124.151809 -1.663679
124.352624 -2.079557
124.442807 -1.960644
124.464410 -2.412248
124.563042 -2.578589
124.644689 -2.186773
124.746010 -2.606529
124.766817 -3.243928
124.862805 -3.160763
124.949226 -3.230283
124.965800 -2.661759
125.045734 -3.493419
125.063348 -3.576581
125.142895 -3.465481
125.165710 -3.327092
125.265696 -3.493419
125.365772 -3.327092
125.473058 -3.576581
125.545667 -3.701323
125.566151 -3.410256
125.664161 -3.160763
125.743312 -3.451837
125.765958 -3.410256
125.865498 -3.576581
125.954223 -3.521356
125.975719 -3.659743
126.056016 -3.457685
126.076979 -3.659743
126.155934 -3.521356
126.175883 -3.659743
126.254247 -3.588276
126.275783 -3.410256
126.353727 -3.438193
126.375661 -3.992383
126.475188 -3.160763
126.575616 -3.160763
126.674533 -3.576581
126.753749 -3.742904
126.775705 -3.410256
126.856221 -3.790331
126.961651 -4.145056
126.977015 -4.158699
127.073245 -4.491323
127.175627 -5.156540
127.355784 -4.616055
127.375597 -4.491323
127.475722 -5.073390
127.554937 -4.740784
127.575742 -5.239689
127.756573 -4.338655
127.774729 -4.158699
127.874149 -4.823937
127.954521 -4.338655
127.975832 -4.491323
128.072458 -4.075541
128.153453 -4.297077
128.174246 -4.325012
128.275717 -3.909224
128.356048 -4.228213
128.376906 -4.491323
128.556099 -4.532901
128.576851 -4.325012
128.675966 -4.823937
128.755111 -4.200278
128.807678 -4.241856
128.903556 -3.742904
128.989996 -4.075541
129.095068 -3.493419
129.190241 -4.158699
129.272297 -4.087235
129.291972 -4.241856
129.371949 -4.130763
129.391902 -4.657631
129.472868 -4.443899
129.494208 -4.491323
129.570552 -4.269791
129.672782 -4.265894
129.693031 -4.574478
129.772848 -4.366590
129.792548 -4.990240
129.872217 -4.182737
129.892970 -4.241856
129.969108 -4.172342
130.012989 -4.241856
130.173001 -4.699208
130.191855 -3.576581
130.272362 -4.039809
130.293765 -4.657631
130.372710 -4.186635
130.389260 -5.156540
130.492981 -4.325012
130.591992 -4.574478
130.772532 -4.421811
130.791120 -4.657631
130.894895 -4.990240
130.970398 -4.560835
131.089173 -4.241856
131.169163 -4.712850
131.190392 -5.572279
131.292981 -5.489132
131.375483 -4.477681
131.391158 -5.904858
131.493209 -4.990240
131.569248 -4.560835
131.589238 -3.992383
131.685133 -4.574478
131.709068 -4.408168
131.886600 -5.845748
131.985381 -5.461200
132.007378 -4.823937
132.084812 -4.966204
132.106672 -4.740784
132.185333 -5.003882
132.206370 -4.158699
132.285704 -5.311145
132.307308 -4.075541
132.384794 -5.392344
132.408813 -4.325012
132.507601 -4.740784
132.587593 -5.904858
132.608788 -5.904858
132.685548 -5.679459
132.706038 -4.990240
132.787879 -5.184473
132.805692 -4.990240
132.887977 -5.120811
132.986184 -4.671274
133.009221 -4.241856
133.086122 -4.336706
133.106826 -4.325012
133.186318 -3.992383
133.285613 -4.194431
133.306738 -4.657631
133.405890 -5.489132
133.506626 -5.405985
133.586262 -5.156540
133.608119 -5.489132
133.706291 -5.405985
133.808251 -5.156540
133.901220 -5.405985
133.981295 -5.294905
134.000735 -5.489132
134.097700 -5.287110
134.181004 -5.655424
134.200964 -5.572279
134.300781 -5.655424
134.400296 -5.710638
134.420389 -5.489132
134.500729 -5.738569
134.520364 -5.489132
134.597914 -5.974360
134.617815 -6.071143
134.700584 -6.023726
134.717371 -6.403706
134.798900 -5.974360
134.821892 -5.489132
134.899292 -6.012034
134.916887 -6.154285
135.000912 -6.431636
135.017352 -6.403706
135.097948 -6.486846
135.117279 -6.237426
135.198033 -6.375777
135.217510 -6.403706
135.320321 -6.403706
135.500619 -5.928891
135.518935 -6.071143
135.597689 -6.099074
135.617790 -6.237426
135.697824 -6.023726
135.720820 -6.071143
135.797947 -6.375777
135.817287 -6.320567
135.903362 -6.403706
135.917353 -6.320567
136.001797 -6.362137
136.023502 -6.320567
136.120447 -5.988001
136.197804 -6.015932
136.217871 -5.821714
136.400633 -5.932789
136.517376 -5.988001
136.598743 -6.223786
136.621001 -6.154285
136.718306 -6.486846
136.798771 -6.195856
136.819217 -6.403706
136.922545 -5.738569
136.998982 -5.793783
137.119967 -5.988001
137.198960 -5.918498
137.218853 -6.154285
137.318978 -6.237426
137.402519 -5.988001
137.418347 -6.237426
137.601771 -6.362137
137.719687 -6.486846
137.799482 -6.431636
137.819468 -6.071143
137.920317 -6.403706
138.000523 -6.528415
138.120238 -6.819395
138.137168 -7.816982
138.201232 -6.666762
138.223339 -6.071143
138.323143 -5.655424
138.413131 -7.013595
138.434502 -6.237426
138.512640 -6.605707
138.534530 -6.403706
138.614639 -7.221429
138.713895 -6.439430
138.734650 -5.405985
138.814017 -6.666762
138.835129 -5.156540
138.924853 -6.403706
139.024616 -8.481986
139.127859 -7.816982
139.224978 -7.151935
139.324015 -6.747950
139.344481 -6.154285
139.426197 -6.611553
139.445185 -6.071143
139.551723 -6.985666
139.627328 -6.237426
139.645295 -6.320567
139.724203 -6.165977
139.744577 -6.403706
139.828146 -6.556344
139.844518 -5.988001
139.937490 -6.902531
140.036602 -6.237426
140.136871 -6.653122
140.217017 -7.359766
140.237524 -6.320567
140.335173 -5.904858
140.442330 -6.237426
140.537403 -6.154285
140.616373 -7.512390
140.736496 -6.653122
140.814672 -6.445276
140.835177 -6.403706
140.946717 -6.237426
141.030762 -6.500486
141.050140 -5.738569
141.132607 -6.320567
141.149651 -6.403706
141.226768 -6.403706
141.251192 -6.819395
141.329099 -5.963967
141.349348 -6.071143
141.429493 -5.641783
141.528620 -5.192268
141.547432 -5.239689
141.628768 -5.322837
141.649452 -4.907089
141.730155 -5.596313
141.749351 -5.239689
141.847067 -5.738569
141.929616 -5.381950
141.953886 -5.322837
142.030116 -5.267622
142.149723 -5.073390
142.233156 -5.641783
142.251838 -5.572279
142.347064 -6.071143
142.426500 -5.863286
142.462419 -6.403706
142.542622 -6.486846
142.643351 -6.653122
142.744118 -6.237426
142.843908 -5.073390
142.959807 -4.990240
143.040375 -5.045457
143.063560 -5.322837
143.162261 -4.408168
143.243992 -4.948664
143.262271 -4.740784
143.341204 -4.669325
143.363880 -5.073390
143.442615 -4.602412
143.460822 -5.239689
143.540732 -4.764821
143.559832 -4.907089
143.628634 -4.962306
143.659597 -5.405985
143.739695 -5.548244
143.839624 -5.974360
143.941475 -6.035418
144.045061 -5.752210
144.061484 -6.154285
144.156446 -5.821714
144.255618 -5.239689
144.354856 -5.073390
144.434999 -5.364411
144.457347 -5.738569
144.639732 -6.390066
144.659998 -7.068801
144.834636 -6.126355
144.854875 -6.653122
144.960860 -5.322837
145.035882 -5.932789
145.055429 -5.821714
145.146244 -6.178318
145.168993 -6.154285
145.247474 -6.445276
145.266824 -6.653122
145.350340 -6.783673
145.370111 -6.985666
145.449849 -7.055162
145.469572 -6.403706
145.546780 -6.926563
145.569043 -6.486846
145.651188 -6.653122
145.749609 -6.688845
145.849981 -6.722619
145.869359 -6.486846
145.969577 -6.154285
146.160679 -5.904858
146.246205 -6.126355
146.264384 -6.653122
146.366515 -6.902531
146.462009 -6.237426
146.579850 -6.071143
146.663143 -6.486846
146.759783 -6.320567
146.781521 -6.320567
146.870205 -6.569984
146.961632 -6.664813
146.980096 -6.985666
147.064028 -7.110368
147.080467 -7.816982
147.161635 -6.475154
147.283059 -6.071143
147.375379 -6.486846
147.457638 -6.985666
147.476966 -6.154285
147.556334 -6.949944
147.576636 -6.653122
147.658586 -6.985666
147.674881 -6.819395
147.756907 -6.724568
147.778150 -6.154285
147.858153 -6.500486
147.879220 -7.068801
147.975895 -7.484463
148.056885 -6.847324
148.176621 -7.235068
148.260249 -6.736259
148.279177 -6.403706
148.384459 -6.819395
148.464883 -6.847324
148.486728 -6.985666
148.586525 -6.819395
148.666738 -6.500486
148.687801 -6.736259
148.766877 -6.677154
148.866997 -6.348497
148.890831 -6.653122
148.964616 -6.843427
148.988141 -6.320567
149.065830 -6.403706
149.173023 -6.581675
149.187218 -6.486846
149.264854 -6.500486
149.288361 -6.902531
149.365653 -6.855118
149.401889 -6.819395
149.459628 -6.708330
149.581907 -5.738569
149.658719 -6.195856
149.781679 -5.904858
149.859246 -6.639482
149.979583 -6.071143
150.059012 -6.278997
150.081024 -6.237426
150.259225 -6.528415
150.280713 -6.569984
150.380558 -6.569984
150.471662 -6.209496
150.493167 -6.736259
150.572862 -6.534261
150.672840 -6.569984
150.693120 -6.653122
150.774043 -6.392015
150.793037 -6.653122
150.872245 -6.542055
150.993684 -6.569984
151.072254 -6.639482
151.093812 -6.985666
151.193367 -6.736259
151.270017 -6.736259
151.295769 -6.486846
151.393017 -7.151935
151.483058 -6.736259
151.505364 -6.569984
151.583095 -6.938254
151.603840 -6.736259
151.683017 -7.359766
151.714049 -7.983237
151.783677 -7.116213
151.814002 -6.736259
151.883045 -6.597913
151.905668 -6.237426
151.982620 -6.712227
152.005188 -6.403706
152.084039 -7.512390
152.105323 -6.320567
152.205507 -5.738569
152.282723 -7.262995
152.308939 -5.489132
152.384817 -6.534261
152.405669 -6.320567
152.514222 -7.816982
152.586019 -7.044770
152.608925 -8.481986
152.684072 -6.681051
152.782837 -6.878500
152.806301 -6.736259
152.884992 -6.916171
152.906214 -7.151935
153.000798 -5.988001
153.078768 -6.944099
153.099193 -6.237426
153.197817 -6.486846
153.297981 -7.235068
153.399394 -6.902531
153.481084 -6.916171
153.500748 -7.151935
153.597781 -6.154285
153.679105 -7.124007
153.701248 -8.814472
153.799714 -8.731351
153.879264 -6.292637
153.898806 -7.816982
153.987882 -6.534261
154.011391 -7.318200
154.087933 -6.445276
154.124865 -7.983237
154.203206 -8.481986
154.283641 -7.110368
154.404006 -7.484463
154.482885 -7.262995
154.502696 -7.816982
154.602420 -7.151935
154.682482 -7.055162
154.702691 -6.569984
154.805352 -6.071143
154.882757 -6.847324
154.902798 -6.819395
155.007665 -6.154285
155.082736 -6.833035
155.105642 -6.985666
155.197087 -6.569984
155.213066 -6.985666
155.304872 -6.057503
155.313581 -5.904858
155.414301 -5.322837
155.493282 -5.489132
155.612859 -5.489132
155.692835 -5.294905
155.714347 -4.823937
155.814378 -5.239689
155.899670 -5.808073
155.913864 -5.904858
156.013202 -5.988001
156.099034 -5.724929
156.119000 -6.071143
156.508884 -6.764188
156.527791 -6.237426
156.615240 -6.510878
156.698222 -6.542055
156.821973 -6.237426
156.900376 -6.099074
156.918738 -6.653122
157.018282 -6.237426
157.118356 -6.071143
157.218405 -5.904858
157.300121 -6.265356
157.319217 -6.237426
157.498902 -6.777827
157.618397 -6.486846
157.698161 -6.140645
157.819020 -6.237426
157.898710 -5.904858
157.919126 -5.572279
158.017816 -5.988001
158.118640 -6.154285
158.219431 -5.156540
158.299684 -5.738569
158.320477 -5.405985
158.418326 -5.500825
158.440984 -5.405985
158.539126 -5.156540
158.619469 -5.014275
158.720803 -5.073390
158.820727 -4.515360
158.840930 -4.241856
158.917552 -4.366590
158.939844 -3.909224
159.020561 -4.253550
159.041789 -3.826064
159.138205 -4.241856
159.216829 -3.873491
159.236825 -3.826064
159.318051 -3.493419
159.437136 -3.493419
159.517500 -3.340736
159.537086 -4.075541
159.617247 -3.814370
159.637505 -3.493419
159.717173 -3.673386
159.737362 -3.659743
159.817375 -3.873491
159.837158 -3.659743
159.908149 -3.895581
159.929237 -3.826064
160.031515 -3.493419
160.127785 -3.826064
160.312975 -3.756547
160.330410 -4.075541
160.427689 -3.837759
160.448176 -3.826064
160.531822 -4.158699
160.627299 -3.814370
160.652028 -4.158699
160.711503 -3.937160
160.750693 -3.992383
160.828353 -3.612315
160.852854 -3.493419
160.920181 -3.423900
161.041618 -3.327092
161.122006 -3.646099
161.141702 -3.493419
161.241630 -4.657631
161.321625 -3.867644
161.343352 -4.075541
161.432652 -3.754598
161.457767 -3.576581
161.515651 -3.521356
161.635219 -3.243928
161.715227 -3.548644
161.738923 -2.578589
161.835527 -4.158699
161.933808 -4.020319
161.956103 -5.073390
162.034234 -4.206125
162.054424 -4.990240
162.134280 -3.812421
162.153267 -4.408168
162.233407 -3.944956
162.255372 -4.158699
162.332805 -3.659743
162.352434 -4.158699
162.532644 -3.465481
162.555547 -3.160763
162.654569 -3.493419
162.732750 -3.465481
162.754840 -3.576581
162.857152 -3.576581
162.946708 -4.158699
163.128898 -4.588120
163.249111 -4.823937
163.330114 -4.935022
163.347811 -5.738569
163.456620 -5.405985
163.537339 -5.142898
163.557413 -5.073390
163.640025 -5.322837
163.657387 -5.322837
163.741940 -5.530705
163.758983 -4.740784
163.839672 -5.489132
163.859364 -4.408168
163.939946 -4.865513
163.960229 -5.489132
164.038621 -5.298802
164.057433 -6.403706
164.136971 -5.350770
164.157767 -6.486846
164.238998 -5.275417
164.257472 -5.655424
164.338611 -5.170182
164.357393 -4.491323
164.538668 -6.057503
164.558809 -6.071143
164.759515 -4.990240
164.857912 -5.821714
164.938282 -5.142898
164.957184 -5.821714
165.057406 -5.655424
165.150596 -5.239689
165.169983 -5.572279
165.250931 -5.560586
165.271035 -5.904858
165.348352 -5.558637
165.370184 -5.904858
165.451866 -5.928891
165.470586 -5.489132
165.549149 -5.766501
165.651916 -5.465098
165.673860 -4.907089
165.754344 -5.572279
165.851602 -5.596313
165.951726 -5.600210
165.970805 -5.489132
166.051808 -5.275417
166.070768 -4.907089
166.147040 -5.073390
166.169885 -4.657631
166.250866 -5.085083
166.267215 -5.073390
166.347638 -4.754427
166.367357 -4.907089
166.470823 -4.740784
166.571203 -5.239689
166.666284 -5.156540
166.766183 -5.073390
166.865882 -5.489132
166.945213 -5.003882
166.966888 -4.657631
167.064699 -5.322837
167.144655 -5.142898
167.165005 -5.156540
167.346740 -5.461200
167.386726 -5.405985
167.484102 -5.156540
167.564495 -5.405985
167.666888 -5.073390
167.766737 -5.239689
167.863361 -5.109119
167.887840 -4.907089
167.962386 -5.087032
167.984975 -4.491323
168.067346 -3.992383
168.152341 -4.712850
168.186843 -4.158699
168.282784 -3.659743
168.366989 -4.200278
168.466696 -4.028115
168.483795 -3.992383
168.562602 -3.729260
168.677593 -4.241856
168.760869 -4.436103
168.780794 -4.574478
168.860938 -4.538747
168.880432 -4.491323
168.960701 -4.727142
168.980500 -4.241856
169.081356 -4.491323
169.167541 -4.879155
169.189061 -4.657631
169.280355 -4.491323
169.359622 -4.643989
169.381732 -4.325012
169.480824 -4.574478
169.561373 -4.255499
169.580605 -3.826064
169.772040 -4.075541
169.790429 -3.826064
169.871457 -4.230162
169.890643 -4.574478
169.970735 -4.491323
169.990497 -4.491323
170.089356 -4.241856
170.272962 -3.826064
170.290625 -3.826064
170.374954 -3.867644
170.474291 -3.814370
170.490746 -3.742904
170.570147 -4.089184
170.589477 -4.325012
170.677724 -4.313319
170.697557 -4.408168
170.773889 -4.463388
170.792441 -4.574478
170.875072 -4.265894
170.892104 -4.325012
170.969629 -4.269791
171.179432 -4.283434
171.197023 -4.158699
171.273428 -4.111273
171.292414 -4.075541
171.372825 -4.366590
171.392622 -4.075541
171.492642 -3.992383
171.593104 -4.990240
171.682971 -4.336706
171.706525 -3.576581
171.766402 -4.504966
171.807358 -3.992383
171.884152 -4.586171
171.917639 -4.990240
171.984892 -4.145056
172.003695 -4.408168
172.103716 -3.576581
172.192760 -4.408168
172.286518 -4.217819
172.304116 -4.408168
172.384120 -4.269791
172.484735 -4.325012
172.504004 -4.990240
172.584852 -4.366590
172.604469 -4.408168
172.683798 -4.455593
172.710453 -4.408168
172.803784 -4.158699
172.886508 -4.360744
172.984833 -4.394525
173.003997 -4.491323
173.083330 -4.479630
173.114001 -3.992383
173.184547 -4.366590
173.208405 -4.491323
173.284146 -4.217819
173.308012 -3.659743
173.386309 -4.269791
173.407233 -3.826064
173.509768 -3.576581
173.584178 -3.950803
173.604229 -3.576581
173.686443 -3.909224
173.703722 -3.659743
173.784217 -3.922867
173.901331 -4.075541
173.991719 -4.061898
173.998781 -3.992383
174.098170 -4.241856
174.178822 -4.213921
174.300698 -3.909224
174.389160 -4.325012
174.400239 -4.574478
174.502772 -4.325012
174.600895 -4.740784
174.702891 -4.432205
174.718217 -3.077597
174.799806 -4.145056
174.821905 -4.241856
174.912975 -4.657631
174.990602 -3.659743
175.012190 -3.576581
175.112344 -5.156540
175.212006 -2.911264
175.312222 -2.661759
175.389373 -4.338655
175.412708 -3.659743
175.511068 -4.325012
175.589629 -3.909224
175.612389 -4.491323
175.712404 -3.659743
175.791203 -3.950803
175.811954 -4.158699
175.898358 -3.968345
175.909414 -3.826064
175.992220 -4.130763
176.011052 -4.408168
176.113180 -4.158699
176.191016 -3.714967
176.209544 -4.075541
176.312142 -3.742904
176.402861 -3.881287
176.420395 -3.243928
176.520456 -3.742904
176.601825 -3.215989
176.619414 -2.495419
176.722232 -3.243928
176.822713 -3.826064
176.908883 -3.101637
176.920785 -3.243928
177.022697 -4.075541
177.104152 -3.552542
177.121240 -2.828096
177.201034 -3.659743
177.224648 -3.826064
177.320388 -3.576581
177.408840 -3.964447
177.420769 -3.992383
177.601395 -3.812421
177.620755 -3.077597
177.721738 -3.742904
177.800100 -3.881287
177.909074 -3.552542
178.000180 -3.382318
178.020996 -2.994431
178.123207 -2.994431
178.220599 -3.243928
178.320416 -2.661759
178.424376 -2.578589
178.520643 -2.768969
178.540875 -3.077597
178.620481 -2.689698
178.643021 -2.994431
178.720385 -2.519460
178.821366 -2.578589
178.841694 -2.661759
178.932024 -2.329076
179.018615 -2.578589
179.031909 -2.828096
179.133344 -2.828096
179.212805 -2.315431
179.233126 -2.079557
179.333047 -2.329076
179.415462 -2.217963
179.438107 -2.578589
179.534470 -3.243928
179.611629 -2.675404
179.632816 -2.578589
179.831922 -2.911264
179.941703 -2.578589
180.015967 -2.079557
180.125960 -1.616242
180.144849 -1.414144
180.226650 -1.275727
180.247432 -1.663679
180.326747 -1.627939
180.347437 -1.081421
180.427682 -1.372554
180.450529 -2.495419
180.525336 -1.485626
180.548192 -1.497323
180.631383 -1.705267
180.646058 -1.746856
180.728354 -1.794292
180.754770 -1.913208
180.825423 -1.622090
180.850602 -1.414144
180.927440 -1.544761
180.946352 -1.414144
181.025804 -1.650033
181.136829 -1.663679
181.217878 -1.344611
181.239529 -1.913208
181.336348 -1.330964
181.439837 -1.414144
181.538007 -1.746856
181.640616 -1.414144
181.738772 -1.330964
181.819727 -1.442087
181.839594 -1.247784
182.020051 -1.095068
182.040479 -0.915056
182.146852 -0.665503
182.238813 -0.291163
182.257900 0.166382
182.340013 -0.510830
182.436611 -0.790281
182.460424 -1.330964
182.557340 -0.083190
182.656871 -0.415945
182.734572 -0.534876
182.755595 -1.164603
182.836890 -0.748688
182.856069 -1.414144
182.935854 -0.618062
182.956825 0.000000
183.036005 -0.568670
183.056067 -0.332757
183.135729 -0.344455
183.157535 -0.582318
183.237356 -0.319109
183.256249 -0.499132
183.355523 -0.582318
183.439392 -0.332757
183.555983 0.249575
183.634500 -0.360703
183.663899 0.582350
183.755986 0.083191
183.835595 0.027947
183.856619 -0.083190
183.956940 0.748742
184.036376 0.096839
184.059775 -0.582318
184.166890 -0.499132
184.237684 -0.027947
184.260900 -0.415945
184.357726 -0.665503
184.436213 0.180031
184.457243 -0.332757
184.557210 -0.332757
184.636137 0.277522
184.656228 -0.332757
184.756211 0.249575
184.836418 -0.138433
184.857218 -0.415945
185.036570 -0.249569
185.056303 -0.415945
185.157344 0.166382
185.257600 -0.332757
185.356789 -0.166380
185.457616 0.166382
185.556986 0.000000
185.637642 0.388013
185.658003 0.582350
185.758070 0.499155
185.838604 0.679195
185.868778 0.166382
185.970729 0.831939
186.052846 0.943086
186.068675 1.247933
186.252829 1.359085
186.273030 1.414336
186.351315 1.794601
186.369874 2.163180
186.471499 1.747149
186.567816 1.414336
186.649534 1.760800
186.848808 1.968813
186.878982 1.331134
186.961642 1.628193
186.978847 1.164733
187.062139 1.677595
187.079627 1.663945
187.158732 1.366885
187.180586 1.247933
187.264872 1.192683
187.280510 1.247933
187.363185 1.569041
187.381958 1.580741
187.462841 1.552790
187.481008 0.998335
187.559491 1.794601
187.582860 2.079972
187.663698 1.455937
187.678729 2.163180
187.758992 1.604792
187.781348 1.747149
187.862107 1.650294
187.891657 1.580741
187.972212 2.079972
188.072585 2.662439
188.174523 2.246388
188.254895 2.052020
188.274956 2.246388
188.371708 2.828864
188.452292 2.163180
188.471725 1.747149
188.652548 1.968813
188.672178 1.747149
188.773724 2.091673
188.791741 1.830354
188.871742 1.871956
188.971859 1.937611
188.995176 1.414336
189.071835 2.107925
189.092093 2.329597
189.174256 2.270440
189.195283 2.246388
189.271629 1.968813
189.294509 1.913559
189.407871 2.329597
189.493836 1.996765
189.571996 2.567526
189.594165 1.996765
189.673973 2.454411
189.774375 2.686492
189.794238 2.912077
189.874564 2.592879
189.902801 2.412806
189.974046 2.460262
189.993855 2.329597
190.074241 2.620833
190.094385 1.996765
190.171767 2.436859
190.192217 2.329597
190.272179 2.940032
190.291737 3.161722
190.376628 3.411372
190.494365 3.078506
190.592981 2.246388
190.673442 2.828864
190.692771 2.579227
190.791585 3.411372
190.873810 3.244938
190.900921 3.744249
190.974871 2.804810
190.993674 3.328155
191.071767 2.884123
191.094160 3.161722
191.197951 3.494591
191.271727 3.577809
191.295957 3.161722
191.484857 2.787257
191.505455 3.661029
191.585743 2.852918
191.604830 3.993914
191.686531 3.148069
191.705142 4.410034
191.784206 3.518646
191.806718 4.410034
191.885090 3.744249
191.916933 3.494591
191.987058 3.506293
192.007947 3.244938
192.084136 3.480938
192.107403 3.078506
192.183872 3.363912
192.206612 3.744249
192.288690 3.272894
192.307301 2.995292
192.385987 3.494591
192.406023 2.912077
192.485186 3.633072
192.505664 3.328155
192.604952 3.577809
192.687347 3.757902
192.706967 3.078506
192.785850 3.661029
192.805259 3.910691
192.887677 3.536200
192.921215 3.661029
192.986325 3.803414
193.006340 4.160360
193.085723 3.661029
193.105810 3.910691
193.205835 4.077136
193.306776 3.744249
193.418415 3.744249
193.486665 3.674682
193.505768 3.910691
193.605909 3.411372
193.685871 3.702639
193.705136 3.244938
193.806148 4.243584
193.884617 4.077136
193.910655 3.744249
194.004051 4.077136
194.084760 4.021871
194.107196 4.077136
194.207911 3.078506
194.284604 3.882734
194.308533 3.910691
194.414292 3.993914
194.516408 3.910691
194.597643 3.863229
194.708852 3.897038
194.714867 4.410034
194.798457 4.053080
194.815843 4.659715
194.898356 4.077136
194.918096 4.576487
195.100388 4.382076
195.114635 4.576487
195.217819 5.075862
195.300815 4.354767
195.317126 3.661029
195.421366 4.576487
195.496962 4.756597
195.514642 4.243584
195.614712 4.826172
195.705459 5.159093
195.718189 4.826172
195.814167 5.242326
195.930397 4.576487
196.012290 5.028394
196.033970 5.408792
196.114197 5.450409
196.132495 5.908207
196.215941 5.492026
196.235703 6.241163
196.309862 5.519988
196.332772 5.159093
196.410725 5.384732
196.433993 5.741732
196.516300 5.311903
196.535789 5.325558
196.610739 5.254030
196.632357 6.490887
196.733364 6.074683
196.812996 5.503731
196.835544 5.741732
197.107184 5.187054
197.504152 5.408792
197.526865 5.325558
197.624242 6.324404
197.704485 5.242326
197.724037 5.159093
197.825863 4.576487
197.924025 3.328155
198.036454 5.242326
198.128377 5.492026
198.312102 5.339214
198.329535 4.826172
198.431280 5.824969
198.511883 5.422447
198.633113 5.075862
198.709834 4.618101
198.732378 5.408792
198.850842 5.075862
198.927968 4.854131
198.950184 5.159093
199.030022 5.991445
199.110720 5.422447
199.139100 5.991445
199.230730 6.074683
199.332217 5.908207
199.428530 5.705967
199.450628 3.910691
199.533267 5.616878
199.552471 4.410034
199.650319 5.824969
199.727284 5.977788
199.747524 6.407645
199.828886 6.407645
199.848189 6.074683
199.930367 6.421302
199.950719 5.991445
200.027986 6.443413
200.050020 6.740618
200.131702 6.574130
200.153818 6.324404
200.227490 6.217101
200.250847 6.157923
200.330701 6.144266
200.350534 5.824969
200.427952 6.169628
200.447768 6.157923
200.533384 6.726960
200.547880 6.574130
200.633937 6.693142
200.723034 6.477230
200.740464 6.657373
200.840493 6.241163
200.919928 6.061027
200.940386 6.407645
201.040797 6.407645
201.140831 6.823862
201.341087 6.698995
201.362227 7.156848
201.440916 6.693142
201.523387 6.851828
201.642351 6.598193
201.666838 6.157923
201.762875 6.324404
201.842375 6.574130
201.862512 6.574130
201.940484 6.726960
201.963145 7.406594
202.040941 7.073601
202.062603 7.489844
202.140984 7.045635
202.170164 7.489844
202.250975 6.823862
202.350640 6.823862
202.450019 7.240096
202.529886 7.045635
202.650681 6.657373
202.752791 6.823862
202.850799 7.406594
202.929965 6.851828
202.950693 7.406594
203.132023 7.018319
203.153222 7.406594
203.247773 7.145141
203.267719 7.323345
203.345767 7.101566
203.369089 7.489844
203.447093 7.537323
203.467853 6.657373
203.546330 7.573095
203.645138 7.359116
203.667534 7.240096
203.746547 7.101566
203.767403 7.073601
203.847074 7.145141
203.870073 7.156848
203.946712 7.309687
203.968353 8.072614
204.045744 7.323345
204.068100 7.739599
204.148870 7.420252
204.166378 7.406594
204.265128 8.072614
204.348001 7.573095
204.365233 8.322382
204.465411 6.407645
204.547128 7.489844
204.567789 7.073601
204.665136 6.074683
204.756129 7.198472
204.777994 7.573095
204.859097 7.727891
204.876344 7.739599
204.976111 7.989359
205.078502 7.656347
205.156346 7.364970
205.175087 7.240096
205.257442 7.228389
205.279244 7.573095
205.357228 7.434561
205.376871 7.323345
205.456354 7.525616
205.480096 7.489844
205.556373 7.850819
205.577679 6.990354
205.656500 7.287574
205.753675 7.226438
205.770203 6.907108
205.952586 7.143190
206.070215 7.906105
206.153262 7.531470
206.173391 8.155869
206.269436 7.739599
206.352107 7.128882
206.378402 6.990354
206.468460 7.406594
206.551218 7.476186
206.670104 7.906105
206.749626 7.559437
206.769167 7.406594
206.869136 7.727891
206.894406 7.573095
206.952690 7.670005
206.989257 7.406594
207.071280 7.537323
207.089540 6.990354
207.169862 7.559437
207.269285 7.537323
207.289908 7.989359
207.371018 7.684314
207.398597 7.323345
207.469471 7.561388
207.488752 7.573095
207.569715 7.489844
207.592023 8.572156
207.669856 7.656347
207.768383 7.559437
207.869421 7.394887
207.901255 7.156848
208.083164 7.573095
208.181965 6.990354
208.281284 7.156848
208.359468 7.601062
208.380015 7.406594
208.481012 7.073601
208.585722 6.657373
208.681839 7.323345
208.784443 7.156848
208.882738 7.656347
208.961565 7.934073
209.081945 7.822851
209.183025 6.990354
209.382957 7.323345
209.482716 7.406594
209.500969 7.240096
209.581889 7.461878
209.600086 8.155869
209.681022 7.430659
209.701896 7.073601
209.781516 7.392936
209.800980 7.240096
209.880160 7.359116
209.980958 7.420252
210.006014 8.155869
210.080274 7.394887
210.102315 7.573095
210.181207 7.101566
210.203790 7.573095
210.283078 7.251803
210.381644 7.018319
210.481327 7.204325
210.501997 7.573095
210.583079 6.782240
210.601010 6.907108
210.680989 6.799799
210.702013 7.323345
210.781159 6.976696
210.801826 7.073601
210.882237 6.918814
210.902672 6.907108
210.980617 6.602095
211.000793 6.407645
211.102013 6.823862
211.181295 6.837520
211.202713 7.573095
211.301563 6.574130
211.402232 6.740618
211.501891 6.324404
211.703362 6.324404
211.780661 6.615752
211.900886 6.407645
211.981065 6.449266
212.001205 6.241163
212.101498 6.907108
212.201728 6.657373
212.382114 6.712653
212.401232 6.740618
212.493726 6.360171
212.516808 7.073601
212.618054 5.575261
212.693314 6.050622
212.714024 6.241163
212.805713 6.338060
212.812529 6.324404
212.894047 6.122156
212.914764 6.241163
212.999676 5.811313
213.014235 6.074683
213.094518 6.003150
213.112272 6.074683
213.193085 5.700114
213.217351 5.824969
213.315269 5.575261
213.394020 5.700114
213.509898 6.490887
213.589050 6.144266
213.609122 6.157923
213.709042 5.991445
213.789787 5.713770
213.811193 5.159093
213.907239 5.467966
213.926307 5.325558
214.006370 5.616878
214.026489 5.492026
214.126634 5.242326
214.191415 5.588916
214.230398 4.992631
214.308420 5.194857
214.327141 4.826172
214.427141 3.910691
214.509717 4.933460
214.608402 5.255981
214.709565 5.420497
214.808192 5.755388
214.828994 5.325558
215.007107 5.006286
215.108694 4.921105
215.131282 5.492026
215.207016 4.770902
215.227499 4.742943
215.308364 4.814467
215.409248 4.881441
215.427483 4.410034
215.507378 5.075862
215.527502 5.575261
215.707183 4.683773
215.727128 4.493260
215.807203 4.784557
215.828392 5.075862
215.931372 4.659715
216.008382 4.784557
216.201853 4.326809
216.222151 5.492026
216.321446 5.408792
216.418633 4.105094
216.447082 5.159093
216.522384 5.741732
216.621697 5.492026
216.718468 4.088840
216.749655 3.827470
216.804746 3.799513
216.842633 4.410034
216.922733 4.576487
217.022184 4.410034
217.118591 4.077136
217.140635 3.661029
217.221723 3.841123
217.241884 3.244938
217.321982 4.053080
217.341627 3.910691
217.421512 4.118748
217.438395 3.577809
217.521738 3.839173
217.539043 3.910691
217.721442 3.886635
217.741771 3.494591
217.822009 3.716292
217.842707 3.661029
217.922334 3.387317
217.941010 3.577809
218.021394 3.369764
218.041029 3.744249
218.121742 3.566107
218.141590 3.827470
218.217890 3.772206
218.238154 4.160360
218.348003 3.577809
218.421102 3.522547
218.446853 3.244938
218.616509 3.175375
218.737640 3.411372
218.817780 3.175375
218.840866 3.577809
218.936609 3.661029
219.020829 3.216983
219.038937 3.577809
219.138007 3.078506
219.217798 3.148069
219.245954 1.996765
219.336616 2.163180
