0.000000 0.000000
0.079991 0.355798
0.099988 0.331819
0.179979 0.331819
0.199976 0.000000
0.279966 0.320153
0.299963 0.580690
0.399951 0.331819
0.479819 0.403109
0.499814 0.414775
0.599927 0.082954
0.679917 0.355798
0.699915 0.248863
0.799902 0.165908
0.879892 0.272842
0.969881 0.345429
1.169862 0.331819
1.189854 0.165908
1.289842 0.829566
1.389830 0.179518
1.409828 0.082954
1.489818 0.390795
1.509816 0.331819
1.589806 0.359687
1.609805 0.248863
1.689793 0.272842
1.709791 0.746607
1.794781 0.331819
1.889644 0.296174
1.909766 0.580690
1.979758 0.401165
1.999755 -0.082953
2.179733 0.373297
2.299719 0.248863
2.379709 0.414775
2.489695 0.260529
2.509693 0.414775
2.589683 0.539211
2.609681 0.497732
2.689671 0.260529
2.709669 0.248863
2.789658 0.318209
2.814655 0.248863
2.889647 0.343484
2.990597 0.262473
3.010615 0.331819
3.090676 0.141929
3.110691 -0.165905
3.190755 0.082954
3.210770 0.580690
3.295838 0.307839
3.310852 0.331819
3.390912 0.525600
3.410928 0.746607
3.511007 0.248863
3.591070 0.248863
3.616093 0.995488
3.793702 0.248863
3.811712 0.331819
3.914957 0.248863
3.991349 0.456253
4.009266 0.580690
4.108067 0.414775
4.188904 0.303951
4.211358 0.497732
4.314650 0.165908
4.404468 0.386907
4.422432 0.331819
4.503269 0.260529
4.521233 0.331819
4.602069 0.345429
4.624524 0.165908
4.700870 0.307839
4.718834 0.165908
4.804162 0.262473
4.898472 0.296174
4.920926 0.248863
5.001809 0.386907
5.024264 0.414775
5.199403 0.193776
5.217357 0.746607
5.298194 0.237197
5.316205 0.331819
5.414961 0.248863
5.513760 0.497732
5.594628 0.276731
5.612593 0.663648
5.711393 0.000000
5.810240 0.456253
5.832695 0.995488
5.917976 0.331819
6.016776 0.303951
6.034787 0.000000
6.133575 0.829566
6.314709 0.331819
6.337164 0.414775
6.413509 0.276731
6.435964 0.248863
6.516802 0.272842
6.534769 0.497732
6.615601 0.345429
6.638056 0.248863
6.718893 0.296174
6.835704 -0.082953
6.929967 0.746607
7.006312 0.248863
7.028767 0.414775
7.127615 0.497732
7.208404 0.276731
7.230859 -0.082953
7.329706 0.663648
7.410498 0.276731
7.428462 0.248863
7.527261 0.414775
7.626061 0.497732
7.729356 0.580690
7.805699 0.359687
7.823709 0.414775
7.922463 0.343484
7.944917 0.331819
8.021263 0.290341
8.039234 0.746607
8.120064 0.130263
8.223355 0.290341
8.241319 0.165908
8.317711 0.390795
8.340166 0.248863
8.416465 0.511342
8.537720 0.414775
8.623048 0.193776
8.735321 0.580690
8.816158 0.124431
8.843103 0.331819
8.932927 0.165908
9.013806 0.220995
9.036260 0.580690
9.136511 0.165908
9.239803 0.829566
9.338603 -0.248857
9.437404 0.207385
9.459858 0.497732
9.536204 0.272842
9.558659 0.331819
9.639496 0.303951
9.657508 0.248863
9.738296 0.237197
9.756260 0.580690
9.837143 0.165908
9.855060 0.580690
9.931406 0.414775
9.953861 0.082954
10.034733 0.359687
10.052696 0.331819
10.133533 0.414775
10.151543 0.497732
10.232334 0.331819
10.250297 0.248863
10.353635 0.580690
10.429934 0.401165
10.452389 0.414775
10.551189 0.248863
10.632027 0.345429
10.753281 0.331819
10.829631 0.359687
10.852082 0.165908
10.950882 0.497732
11.036210 0.303951
11.049735 0.000000
11.152974 0.746607
11.233811 0.469863
11.426925 0.235253
11.453913 -0.082953
11.552667 0.663648
11.629013 0.318209
11.651467 0.165908
11.831105 0.401165
11.849068 0.248863
11.947915 0.462086
11.970370 0.663648
12.028706 0.373297
12.069156 0.082954
12.145503 0.414775
12.172494 0.912527
12.253284 0.386907
12.271249 0.829566
12.352131 0.450420
12.370049 0.000000
12.450886 0.442643
12.468850 0.248863
12.567649 0.248863
12.648486 0.235253
12.670940 0.580690
12.747287 0.473752
12.850579 0.484122
12.868588 0.331819
12.953870 0.237197
12.971833 0.248863
13.052671 0.456253
13.070680 0.000000
13.151471 0.331819
13.250318 0.262473
13.268235 0.414775
13.355105 0.438755
13.453861 0.456253
13.471823 0.663648
13.570623 0.331819
13.651460 0.469863
13.673915 0.497732
13.853553 0.469863
13.876008 0.165908
13.970316 0.497732
14.051199 0.539211
14.073433 0.663648
14.173296 0.248863
14.248291 0.345429
14.273414 0.497732
14.373395 0.248863
14.453392 0.220995
14.473383 0.331819
14.573371 0.580690
14.668360 0.303951
14.683358 0.497732
14.768347 0.177574
14.788346 0.414775
14.868380 0.276731
14.883378 0.829566
14.988364 0.331819
15.068356 0.442643
15.088352 0.414775
15.168343 0.486066
15.188339 0.248863
15.283329 0.746607
15.363318 0.284508
15.388315 0.331819
15.468306 0.401165
15.488303 0.497732
15.568169 0.260529
15.663281 0.539211
15.678280 0.497732
15.778268 0.248863
15.863256 0.262473
15.878254 0.414775
15.978243 0.663648
16.058233 0.428385
16.078229 0.248863
16.183217 0.497732
16.258209 0.345429
16.278208 0.580690
16.383192 0.746607
16.458184 0.677258
16.483180 0.331819
16.658158 0.235253
16.678155 0.580690
16.783143 0.497732
16.858133 0.276731
16.883006 -0.082953
16.977994 0.995488
17.063141 0.511342
17.098136 0.497732
17.183156 0.497732
17.263148 0.484122
17.298142 0.000000
17.383132 0.912527
17.463121 0.414775
17.503117 0.248863
17.583136 0.580690
17.673126 0.456253
17.693122 0.331819
17.793110 0.746607
17.873100 0.691517
17.893097 0.248863
17.978087 0.687628
17.993085 0.580690
18.073075 0.567079
18.093073 0.663648
18.272959 0.567079
18.393070 0.829566
18.473059 0.594300
18.493057 0.497732
18.593045 0.331819
18.673035 0.829566
18.693032 0.912527
18.793019 0.746607
18.873010 0.691517
18.893007 0.663648
18.992995 0.995488
19.072985 0.774476
19.092982 0.746607
19.272961 0.829566
19.292958 0.580690
19.387945 0.817900
19.407943 0.995488
19.487933 0.774476
19.507806 0.497732
19.607918 0.829566
19.687783 0.884657
19.707906 1.078449
19.787896 0.936508
19.807893 0.746607
19.887884 1.009098
19.907881 1.078449
19.987871 0.983821
20.007868 0.497732
20.109588 1.078449
20.185933 0.841233
20.208388 1.078449
20.289225 1.023357
20.311680 1.327338
20.388025 1.042802
20.406036 1.410302
20.486826 1.272245
20.509280 1.161411
20.585673 1.256041
20.603590 1.493267
20.684427 1.299467
20.801191 1.244374
20.886519 1.064838
20.904482 1.078449
21.007774 1.659199
21.084119 1.244374
21.106574 0.497732
21.205374 1.493267
21.286211 1.645587
21.304221 1.078449
21.402975 0.331819
21.488303 0.815956
21.501778 1.161411
21.685950 1.423914
21.802667 1.576233
21.883504 1.534750
22.004759 1.410302
22.090134 1.299467
22.108051 1.161411
22.206851 1.244374
22.485288 1.548361
22.527204 1.742166
22.608041 1.421969
22.626004 1.244374
22.805641 1.659199
22.828096 0.995488
22.908939 1.811521
23.007733 1.600215
23.030188 1.991070
23.111024 1.659199
23.128988 1.576233
23.209825 1.244374
23.308625 1.299467
23.331082 0.912527
23.407472 1.623549
23.429927 1.493267
23.528688 1.576233
23.609564 1.386320
23.627481 1.493267
23.730772 1.327338
23.807118 1.587900
23.829572 1.991070
23.919391 1.562621
23.941846 1.908101
24.018192 1.659199
24.117357 1.908101
24.217344 1.683181
24.237342 1.825133
24.317332 1.631327
24.337329 1.908101
24.417319 1.552250
24.437317 1.410302
24.517307 1.728554
24.537304 1.161411
24.617295 1.670866
24.722281 1.493267
24.837267 1.493267
24.902259 1.977458
24.937254 1.493267
25.017245 1.801150
25.037247 1.327338
25.117107 1.617716
25.137105 1.327338
25.317207 2.060428
25.337205 2.157010
25.422194 2.251649
25.437192 1.991070
25.517182 1.589844
25.537180 1.659199
25.617170 1.362987
25.717157 1.617716
25.737155 1.908101
25.837142 2.157010
25.917132 2.074040
25.937130 2.157010
26.037117 2.654845
26.117108 1.853005
26.137105 1.659199
26.237092 1.908101
26.317082 2.060428
26.337080 1.576233
26.437067 1.742166
26.536930 1.659199
26.637042 2.074040
26.717032 2.060428
26.737030 2.737820
26.837017 2.405925
26.922037 2.419537
26.937035 2.654845
27.117012 2.405925
27.137010 2.239981
27.321987 2.170622
27.336985 2.322952
27.436974 2.488897
27.521961 2.336565
27.536960 2.157010
27.635374 2.157010
27.715436 2.405925
27.740456 2.157010
27.835531 2.239981
27.940614 2.157010
28.040694 2.488897
28.120755 2.516771
28.140771 2.654845
28.235878 2.275633
28.260897 2.157010
28.441041 2.239981
28.556130 2.488897
28.641196 2.903771
28.736271 2.903771
28.756287 2.986748
28.836350 2.939425
28.861370 2.820795
28.941433 3.069726
29.036508 2.726151
29.061527 3.069726
29.136586 2.350826
29.236665 2.785142
29.256680 2.737820
29.336743 2.862283
29.356760 2.986748
29.441858 2.820795
29.456870 2.986748
29.536933 2.862283
29.556952 2.903771
29.637012 2.737820
29.657027 2.820795
29.837169 2.666513
29.857188 2.986748
29.947256 2.530384
29.962267 2.405925
30.037326 2.512882
30.057342 2.820795
30.137404 2.890158
30.157420 2.986748
30.257499 3.235683
30.337562 2.807182
30.357578 2.405925
30.447649 2.595856
30.467666 3.235683
30.532715 2.599745
30.567773 2.488897
30.647836 2.915440
30.667857 2.903771
30.752918 2.737820
30.852997 2.773473
30.958080 3.069726
31.053154 2.915440
31.068202 2.986748
31.148264 3.222069
31.168280 3.401642
31.248343 2.879786
31.268360 2.903771
31.348421 2.779308
31.368437 3.069726
31.448500 2.856449
31.468517 2.737820
31.548579 2.903771
31.568594 1.825133
31.653661 2.595856
31.673677 2.239981
31.748736 2.931646
31.768752 2.322952
31.848815 3.010734
31.868830 3.484623
31.973913 3.318662
32.068993 2.820795
32.149051 3.194193
32.169066 2.654845
32.269145 3.069726
32.349208 3.152704
32.369224 2.654845
32.449287 3.259669
32.484314 3.982521
32.544362 3.124828
32.564378 2.820795
32.664456 2.654845
32.744519 3.595481
32.764534 2.820795
32.864618 2.986748
32.949681 3.014623
33.064770 2.654845
33.144833 3.553990
33.164849 3.069726
33.264928 3.152704
33.344993 3.539728
33.365006 2.986748
33.465085 3.721900
33.495108 3.899537
33.560161 3.622710
33.575171 3.650586
33.660238 3.211696
33.680254 2.654845
33.760317 3.083339
33.855392 3.306993
33.875407 3.733569
33.955470 3.567604
33.975486 3.567604
34.070561 3.567604
34.171257 3.318662
34.386230 3.733569
34.466223 3.318662
34.486217 3.484623
34.586205 3.152704
34.671194 3.555935
34.686193 3.484623
34.766182 3.290786
34.791179 3.235683
34.866209 3.614930
34.886199 3.484623
34.966191 3.678463
34.991186 3.899537
35.181195 3.069726
35.281183 3.152704
35.361173 3.207807
35.386169 3.152704
35.486157 3.069726
35.566146 3.664201
35.581145 3.152704
35.781119 3.650586
35.881107 3.733569
35.961097 3.498237
35.981094 3.401642
36.085956 3.484623
36.160946 3.581219
36.180944 3.567604
36.361080 4.079122
36.381078 4.314467
36.481066 3.982521
36.576087 3.816553
36.596085 3.982521
36.676075 3.697912
36.696078 3.650586
36.776062 3.830167
36.796060 4.148493
36.876050 4.006509
36.896047 4.148493
36.981035 4.494059
36.996038 4.397455
37.076025 4.551763
37.096022 4.148493
37.181012 4.189986
37.196009 4.065507
37.280998 3.863879
37.295997 3.899537
37.380862 3.968907
37.395859 3.152704
37.480849 3.389973
37.495846 3.152704
37.575961 3.609095
37.595958 3.650586
37.678528 4.112835
37.698543 3.401642
37.778640 4.383840
37.798656 3.650586
37.978800 3.747184
37.998813 3.484623
38.078876 3.437298
38.098892 3.816553
38.178955 3.899537
38.193966 3.484623
38.294045 4.480444
38.374108 4.369576
38.399128 4.065507
38.574265 4.176371
38.594281 4.065507
38.694359 4.148493
38.774422 3.636972
38.794444 3.567604
38.899521 3.816553
38.974579 3.802938
38.994597 3.567604
39.094674 4.397455
39.176384 4.148493
39.194356 3.650586
39.296142 3.484623
39.373984 3.719955
39.396440 3.899537
39.495286 4.314467
39.594043 3.830167
39.616494 4.065507
39.697410 4.255468
39.715333 3.816553
39.796165 4.978390
39.894964 4.361796
39.917419 4.397455
39.993764 4.328082
40.016219 4.978390
40.101594 4.563433
40.195856 3.871659
40.218310 4.231479
40.299147 4.018179
40.317115 4.729414
40.397947 3.858045
40.496748 4.136823
40.514711 4.397455
40.591061 4.411070
40.609020 4.065507
40.712312 3.650586
40.793151 4.079122
40.811112 4.480444
40.909959 4.148493
40.990748 3.954644
41.013203 3.816553
41.192840 4.120615
41.210804 3.982521
41.309604 4.065507
41.390440 4.259358
41.408404 4.065507
41.516233 3.733569
41.606054 3.512499
41.623968 4.314467
41.704805 4.041519
41.727260 3.816553
41.808142 3.747184
41.826061 3.733569
41.902406 4.101165
42.001206 4.134878
42.023660 3.401642
42.104497 3.970852
42.122507 3.816553
42.203330 3.609095
42.221295 3.899537
42.302209 3.923524
42.324664 4.563433
42.400964 3.705692
42.423417 3.567604
42.499764 3.745239
42.526755 3.899537
42.594120 3.802938
42.616573 3.816553
42.710837 3.982521
42.791673 3.636972
42.908484 3.555935
42.935384 4.231479
43.115021 3.899537
43.213820 4.010399
43.317111 3.935194
43.335121 3.899537
43.415911 3.885922
43.433874 4.397455
43.510221 4.006509
43.725785 3.733569
43.806667 4.383840
44.022185 4.231479
44.125478 3.816553
44.207810 4.051892
44.225821 4.314467
44.324574 4.397455
44.405458 4.231479
44.427912 3.982521
44.526665 3.650586
44.611992 4.037629
44.625468 4.231479
44.746721 4.480444
45.025161 4.051892
45.047611 3.484623
45.137430 3.816553
45.218267 3.484623
45.236277 3.235683
45.335032 3.484623
45.420358 3.498237
45.433831 3.650586
45.537123 4.563433
45.618006 4.162108
45.739214 3.899537
45.833524 2.820795
45.931325 3.235683
46.016652 3.498237
46.034663 3.567604
46.218743 4.051892
46.236754 4.314467
46.335508 4.302797
46.353472 3.733569
46.434310 4.812405
46.533108 3.946864
46.551118 3.816553
46.618482 3.899537
46.646879 4.480444
46.747175 4.148493
46.823522 4.051892
46.845975 3.899537
46.946273 4.563433
47.043577 4.065507
47.136421 4.338456
47.160373 3.982521
47.233724 4.107000
47.257679 4.065507
47.357974 3.733569
47.440306 4.508323
47.458271 4.148493
47.539866 4.753403
47.559864 5.061383
47.644853 4.784525
47.659852 4.480444
47.739841 4.741084
47.759839 4.563433
47.839829 4.024014
47.859825 4.480444
47.939816 4.172481
48.039803 3.941029
48.154789 4.397455
48.234778 4.231479
48.254777 5.393363
48.434752 4.148493
48.454628 4.729414
48.539616 4.029849
48.639726 4.328082
48.654724 3.982521
48.759753 4.148493
48.834788 4.134878
48.854782 4.065507
48.954769 3.899537
49.039759 4.494059
49.054756 4.480444
49.159743 4.646423
49.234734 4.632807
49.254731 5.144377
49.354718 5.227372
49.434708 4.134878
49.554693 4.148493
49.634717 3.954644
49.669711 4.231479
49.754700 4.302797
49.774699 4.231479
49.854563 4.964774
49.869561 4.646423
49.949677 4.741084
49.974680 4.563433
50.054664 3.927414
50.074661 3.733569
50.149650 3.543617
50.179647 3.235683
50.254638 3.415256
50.269635 3.733569
50.349625 4.207491
50.369659 4.397455
50.449647 4.660039
50.469646 5.227372
50.549634 4.741084
50.574637 4.812405
50.649622 4.176371
50.764606 3.650586
50.849596 3.733569
50.864594 4.397455
50.964582 4.314467
51.044570 4.452565
51.164556 4.231479
51.259419 3.927414
51.279415 3.733569
51.359533 3.448967
51.374528 3.318662
51.459518 3.719955
51.479516 3.567604
51.559505 3.769226
51.579503 4.231479
51.774478 3.650586
51.859467 3.816553
51.879464 3.069726
51.959455 3.224014
51.979451 2.986748
52.055124 3.249296
52.080143 2.654845
52.155201 3.141035
52.180222 3.235683
52.255281 3.166317
52.280299 3.650586
52.360363 3.342648
52.375375 3.567604
52.455441 3.360152
52.580534 3.318662
52.655593 3.207807
52.680620 3.318662
52.770685 2.903771
52.850746 3.041850
52.970844 2.571871
53.070920 3.305048
53.085931 3.235683
53.166026 3.306993
53.191045 3.152704
53.266104 3.471009
53.286119 3.152704
53.371186 2.962763
53.391202 2.571871
53.466260 2.626971
53.491282 2.488897
53.591359 3.069726
53.691437 3.401642
53.766496 3.010734
53.781508 3.318662
53.861571 2.682719
53.881586 2.737820
53.986668 2.571871
54.061727 2.641232
54.081746 2.571871
54.261884 2.875897
54.281900 3.069726
54.381978 2.903771
54.462041 2.724207
54.487061 2.820795
54.587139 2.820795
54.662230 2.378051
54.687255 2.654845
54.772316 2.749488
54.797336 2.820795
54.872394 2.765694
54.892410 2.322952
54.977477 2.453245
54.992490 2.654845
55.082559 1.908101
55.182637 2.322952
55.267705 2.198495
55.287720 2.322952
55.387798 2.405925
55.462857 2.350826
55.587955 2.571871
55.668018 2.101913
55.683030 2.405925
55.788112 1.991070
55.868208 2.115525
55.888223 2.157010
55.988302 2.074040
56.098392 1.742166
56.183490 2.560203
56.283573 2.516771
56.303584 2.322952
56.383647 2.109691
56.398658 1.991070
56.503741 2.157010
56.578799 2.074040
56.608823 2.322952
56.678878 2.046167
56.698893 2.322952
56.783960 2.109691
56.798974 1.825133
56.879035 2.170622
56.904054 2.322952
56.999129 1.825133
57.114251 1.825133
57.199318 1.825133
57.279381 1.659199
57.299396 1.493267
57.474533 1.894489
57.498910 1.825133
57.688886 1.672811
57.703884 1.825133
57.783874 1.469285
57.803872 1.161411
57.883861 1.064838
57.908863 1.244374
57.983848 1.457618
58.003846 1.493267
58.088710 1.451785
58.103833 1.576233
58.203820 2.074040
58.388831 1.635216
58.408828 0.995488
58.483818 1.438173
58.503816 1.161411
58.603808 0.995488
58.678793 1.202893
58.698791 1.327338
58.798778 1.374653
58.918763 1.244374
58.998752 1.220393
59.018750 1.410302
59.098742 1.175023
59.218724 1.244374
59.298714 0.815956
59.318711 0.995488
59.418699 0.995488
59.498688 1.161411
59.518686 1.659199
59.598675 1.351320
59.618673 2.737820
59.698663 0.884657
59.713661 1.576233
59.898639 0.635779
59.998625 0.746607
60.018622 1.327338
60.098611 0.511342
60.118609 0.829566
60.198599 0.888546
60.213597 0.912527
60.298586 0.967618
60.318584 0.912527
60.398573 0.948174
60.418570 1.576233
60.498560 0.705127
60.518557 0.414775
60.598549 0.296174
60.618545 0.829566
60.688536 0.774476
60.708534 0.995488
60.808395 0.758273
60.833392 -0.248857
60.908514 0.580690
61.008495 0.639668
61.033492 0.746607
61.088485 0.705127
61.108482 0.829566
61.203470 0.533378
61.218468 0.663648
61.298458 0.469863
61.318455 1.825133
61.423446 1.078449
61.503431 0.552821
61.523428 0.912527
61.623416 0.912527
61.703405 0.677258
61.723408 0.995488
61.898414 0.539211
61.918411 0.497732
62.023397 0.829566
62.103224 0.414775
62.223319 0.580690
62.303382 0.456253
62.323397 0.414775
62.418471 0.912527
62.503573 0.525600
62.618662 0.414775
62.698725 0.484122
62.723744 0.746607
62.818819 0.497732
62.898882 0.401165
62.918898 0.663648
63.019007 0.580690
63.099070 0.428385
63.119085 0.829566
63.224168 0.082954
63.299226 0.497732
63.339258 0.829566
63.419320 0.521712
63.439341 0.414775
63.519398 0.152298
63.536695 0.165908
63.635495 0.414775
63.725313 0.414775
63.810641 0.604670
63.910938 0.442643
63.933392 0.497732
64.032229 0.912527
64.108620 0.663648
64.126538 0.580690
64.225338 0.165908
64.330126 0.082954
64.508270 0.456253
64.626526 0.580690
64.728325 0.497732
64.828617 0.746607
64.912447 0.552821
64.934902 0.165908
65.032205 0.497732
65.108552 0.511342
65.132503 0.414775
65.246319 0.912527
65.345072 0.580690
65.421418 0.497732
65.443877 0.746607
65.524708 0.497732
65.547163 0.580690
65.645963 0.663648
65.735781 0.580690
65.834581 0.545044
65.852592 0.912527
65.933382 0.788087
65.951346 0.497732
66.032229 0.734941
66.054683 0.995488
66.135477 0.635779
66.153436 0.663648
66.234319 0.521712
66.256774 0.746607
66.342055 0.331819
66.440855 0.829566
66.517233 0.456253
66.642979 0.746607
66.723815 0.691517
66.741779 0.829566
66.925908 0.567079
66.939379 0.912527
67.042717 0.082954
67.119016 0.331819
67.244808 0.912527
67.325597 0.580690
67.343561 0.746607
67.437870 0.628002
67.542821 0.580690
67.562819 0.497732
67.642683 0.663648
67.662695 0.829566
67.742798 0.539211
67.762670 0.497732
67.852781 0.663648
67.952769 0.829566
68.052756 0.663648
68.132776 0.539211
68.152774 0.829566
68.332751 0.580690
68.362747 0.912527
68.537726 0.622169
68.552725 0.912527
68.657708 0.331819
68.867682 0.497732
68.967544 0.746607
69.047533 0.462086
69.067530 0.331819
69.147645 0.705127
69.167642 0.580690
69.247632 0.675314
69.272629 0.580690
69.347619 0.774476
69.372616 0.580690
69.447606 0.509398
69.552593 0.539211
69.567591 0.746607
69.647581 0.734941
69.667578 0.497732
69.747568 0.663648
69.767566 0.829566
69.847555 0.414775
69.882550 0.663648
69.942546 0.539211
70.067527 0.497732
70.142517 0.497732
70.162514 0.580690
70.342491 0.511342
70.367488 0.497732
70.462350 0.497732
70.542465 0.552821
70.662450 0.580690
70.742439 0.650037
70.942446 0.622169
70.967443 0.331819
71.067430 0.497732
71.142420 0.635779
71.162418 0.248863
71.262405 0.592356
71.282402 0.912527
71.362392 0.082954
71.462379 0.355798
71.482377 0.829566
71.582366 0.580690
71.662353 0.509398
71.677351 0.746607
71.757341 0.801697
71.782213 0.165908
71.857328 0.509398
71.877327 0.746607
72.062302 0.556710
72.077300 0.912527
72.162288 0.650037
72.182286 0.331819
72.262277 0.533378
72.282273 0.912527
72.362263 0.663648
72.377261 0.414775
72.482247 0.746607
72.562237 0.552821
72.577235 0.414775
72.762211 0.511342
72.882199 0.580690
72.962185 0.469863
72.982182 0.663648
73.077176 0.414775
73.162159 0.580690
73.177157 0.746607
73.277148 0.414775
73.357134 0.567079
73.382131 0.497732
73.482117 0.746607
73.562108 0.677258
73.582105 0.082954
73.682092 0.414775
73.762083 0.525600
73.782079 0.746607
73.877066 0.580690
73.962055 0.580690
74.082040 0.580690
74.162030 0.442643
74.177028 0.663648
74.362006 0.552821
74.382001 0.829566
74.471989 0.462086
74.491987 0.248863
74.571851 0.456253
74.591974 0.580690
74.676963 0.521712
74.691961 0.746607
74.771951 0.732996
74.791948 0.331819
74.871980 0.556710
74.971959 0.442643
74.991964 0.497732
75.071947 0.604670
75.091944 0.746607
75.171933 0.732996
75.191931 0.912527
75.291918 0.663648
75.371907 0.622169
75.391906 0.663648
75.491892 0.912527
75.571882 0.635779
75.591879 0.746607
75.691866 0.497732
75.771856 0.650037
75.791853 0.414775
75.891715 1.161411
75.971705 0.691517
75.991703 1.078449
76.091851 1.078449
76.171843 0.622169
76.191840 1.161411
76.291824 0.746607
76.371814 0.760217
76.391811 0.663648
76.491799 0.580690
76.569809 0.539211
76.589823 0.829566
76.694906 0.995488
76.774968 0.608558
76.794984 0.746607
76.895062 0.663648
76.975124 0.746607
77.010152 0.829566
77.095219 0.497732
77.195296 0.497732
77.295410 0.770587
77.310421 0.995488
77.390484 0.650037
77.415503 0.414775
77.490562 0.710960
77.515582 0.912527
77.615660 0.580690
77.695722 0.758273
77.715743 0.829566
77.795800 0.857436
77.915895 0.746607
78.010969 0.663648
78.111047 1.161411
78.191111 0.843177
78.291188 0.853547
78.391266 1.133541
78.411284 0.829566
78.491379 0.426441
78.511395 0.580690
78.591457 0.414775
78.711551 1.327338
78.791613 1.396691
78.891692 1.339005
78.991770 1.216504
79.111868 0.082954
79.191928 0.414775
79.216946 0.497732
79.312020 1.410302
79.392083 1.050579
79.497165 1.208726
79.507172 1.327338
79.592239 1.078449
79.612254 1.078449
79.712363 0.580690
79.792426 0.954007
79.812442 0.663648
79.996444 0.567079
80.011317 0.995488
80.311435 1.078449
80.391424 0.926137
80.501410 0.829566
80.526407 0.995488
80.606396 1.396691
80.626394 1.493267
80.706383 1.552250
80.721381 1.244374
80.806370 1.382431
80.826368 0.912527
80.926355 0.414775
81.006344 1.479656
81.026342 0.912527
81.106331 1.410302
81.126329 2.074040
81.326303 1.327338
81.406167 1.714294
81.426164 1.493267
81.521278 1.327338
81.606266 1.438173
81.626263 1.327338
81.806240 1.230763
81.926224 1.742166
82.006214 1.631327
82.126232 1.991070
82.201225 1.521138
82.401196 1.659199
82.421194 1.244374
82.516182 1.670866
82.536183 1.493267
82.616169 1.700682
82.636166 1.825133
82.716030 1.706516
82.736153 1.659199
82.836142 2.239981
82.916129 1.552250
83.021116 1.617716
83.036118 1.161411
83.116107 1.434284
83.236088 1.908101
83.316113 1.825133
83.336108 1.576233
83.416098 2.046167
83.436096 2.654845
83.521086 1.623549
83.616072 1.423914
83.636071 1.991070
83.736058 2.157010
83.836043 1.825133
83.936032 1.908101
84.026018 1.659199
84.046017 1.991070
84.125914 1.943752
84.150911 1.327338
84.226030 1.825133
84.326013 1.576233
84.346011 1.576233
84.426000 1.396691
84.445997 0.995488
84.531021 1.576233
84.730994 1.955420
84.745992 1.493267
84.825982 1.949586
84.845979 1.742166
84.926002 1.908101
84.945999 0.663648
85.025989 1.576233
85.145973 1.576233
85.225963 1.991070
85.245960 2.405925
85.325950 2.026721
85.350946 2.239981
85.430936 2.004683
85.445934 2.239981
85.525798 1.884118
85.545796 2.157010
85.630910 1.742166
85.645908 1.576233
85.750894 1.908101
85.825918 1.687070
85.930903 1.789483
86.025892 1.687070
86.050889 1.991070
86.145875 1.991070
86.225866 1.853005
86.245863 1.742166
86.425840 1.921714
86.445838 1.825133
86.567951 2.157010
86.628005 1.880229
86.648013 1.908101
86.748091 1.991070
86.828154 1.838745
86.848170 2.322952
87.028310 1.991070
87.148402 2.322952
87.228466 2.087652
87.248482 2.239981
87.348563 1.908101
87.448638 1.576233
87.548716 2.074040
87.628778 2.129137
87.648793 1.742166
87.748872 2.654845
87.828934 2.253593
87.949028 1.908101
88.048619 1.825133
88.165430 1.991070
88.228256 2.253593
88.246220 2.239981
88.345066 2.192662
88.362983 2.322952
88.443820 2.184883
88.542619 2.654845
88.566571 2.737820
88.669862 2.654845
88.746209 2.381940
88.768662 2.654845
88.849498 2.322952
88.867461 2.488897
88.970752 2.157010
89.069553 2.405925
89.150389 2.405925
89.168399 3.069726
89.249187 2.585484
89.267152 2.986748
89.370490 2.903771
89.446792 2.309340
89.464752 2.322952
89.550128 2.441577
89.568043 2.405925
89.648879 2.378051
89.666842 2.488897
89.747679 2.512882
89.770133 2.322952
89.846478 2.447411
89.868933 2.820795
89.965377 2.820795
90.050365 2.973135
90.070363 2.571871
90.245340 2.350826
90.270337 2.157010
90.365324 2.571871
90.445316 2.543997
90.470310 2.737820
90.565300 3.235683
90.645287 2.931646
90.670316 2.986748
90.770304 2.654845
90.845294 2.751433
90.865291 2.405925
90.965153 2.405925
91.045143 2.447411
91.065140 2.405925
91.160253 2.737820
91.180250 2.903771
91.260240 3.083339
91.280238 2.654845
91.360227 3.152704
91.380224 2.571871
91.460214 3.180579
91.480211 2.654845
91.560200 3.164373
91.580198 2.986748
91.660223 3.152704
91.680220 2.986748
91.760211 2.879786
91.780206 3.069726
91.880193 3.069726
91.980181 3.235683
92.060170 3.111215
92.080168 3.401642
92.160157 3.389973
92.180154 4.231479
92.260145 3.069726
92.280141 2.654845
92.380003 3.235683
92.480115 3.899537
92.580102 3.567604
92.655092 3.207807
92.775076 3.318662
92.855065 3.346538
92.875063 3.401642
92.975050 3.069726
93.055039 3.222069
93.075038 2.820795
93.175023 3.567604
93.275010 3.318662
93.295007 3.401642
93.374997 3.247352
93.394995 3.401642
93.459986 3.346538
93.479983 3.733569
93.574971 3.650586
93.654960 3.664201
93.679957 3.484623
93.774820 3.401642
93.799816 3.567604
93.859933 3.332276
93.894929 3.401642
93.979918 3.567604
94.094938 3.733569
94.174927 4.219809
94.199924 4.563433
94.274915 3.927414
94.294911 3.733569
94.374901 3.211696
94.479888 3.207807
94.494885 3.152704
94.574876 3.377656
94.594872 3.733569
94.669863 3.788675
94.789846 4.148493
94.869837 3.968907
94.889833 3.401642
94.989821 3.816553
95.069809 3.360152
95.089681 2.488897
95.189668 3.733569
95.269818 3.622710
95.289815 3.982521
95.389802 3.567604
95.469792 3.927414
95.489789 3.733569
95.589775 4.397455
95.669765 3.719955
95.689762 3.235683
95.789749 3.650586
95.869739 3.636972
95.889736 4.065507
95.989729 4.480444
96.089710 4.646423
96.189697 4.646423
96.269686 3.899537
96.289683 3.733569
96.389671 4.065507
96.469570 3.747184
96.509565 3.484623
96.589680 3.780896
96.609676 3.899537
96.689666 3.761446
96.709663 3.899537
96.789655 3.923524
96.809651 3.982521
96.889640 3.941029
96.909637 4.148493
96.989627 3.935194
97.109611 4.314467
97.209597 3.982521
97.289590 3.636972
97.309585 3.733569
97.389611 4.172481
97.409608 3.733569
97.489597 3.954644
97.589625 3.745239
97.609617 3.816553
97.689640 4.051892
97.709638 3.899537
97.889489 3.775061
97.909486 3.816553
97.994600 3.840540
98.009598 3.650586
98.094587 3.913151
98.109585 4.231479
98.189574 3.958534
98.209572 4.314467
98.289561 4.217864
98.309558 4.397455
98.389548 4.006509
98.409546 4.148493
98.489535 4.231479
98.509532 4.231479
98.599526 4.029849
98.609519 3.899537
98.689509 3.885922
98.709508 3.982521
98.809492 3.650586
99.009466 3.982521
99.104453 4.480444
99.204315 4.646423
99.284305 4.369576
99.304427 4.148493
99.404414 4.148493
99.489403 4.494059
99.509400 4.480444
99.604387 4.480444
99.629384 4.812405
99.709374 4.148493
99.809360 4.065507
99.889350 4.065507
100.004335 4.409125
100.109321 3.899537
100.204308 3.496292
100.224307 3.899537
100.304295 4.079122
100.404282 3.899537
100.429278 3.733569
100.509268 3.802938
100.529265 4.397455
100.624128 4.314467
100.704243 4.729414
100.724240 3.733569
100.809228 4.172481
100.824226 5.144377
101.009489 4.101165
101.114570 4.176371
101.124578 4.563433
101.204640 4.658093
101.229660 4.895397
101.304718 4.743029
101.404796 4.195821
101.504874 3.761446
101.524890 3.318662
101.614960 3.721900
101.634975 3.650586
101.715037 3.913151
101.735053 3.982521
101.815151 4.219809
101.900218 4.176371
101.940249 3.816553
102.015315 3.603261
102.115385 3.705692
102.135401 3.401642
102.215463 3.721900
102.235479 3.650586
102.315541 3.885922
102.415619 4.172481
102.435635 4.397455
102.515697 3.885922
102.535713 3.318662
102.625783 3.235683
102.815931 3.982521
102.835947 4.148493
102.916009 4.369576
103.021090 4.124505
103.036106 3.816553
103.131177 3.152704
103.216242 3.567604
103.236258 3.235683
103.316321 3.885922
103.436414 3.816553
103.516476 3.982521
103.536492 3.650586
103.636570 4.646423
103.716634 4.480444
103.736647 4.729414
103.831722 4.563433
103.931800 4.397455
104.031878 3.318662
104.111940 4.521938
104.146967 4.563433
104.227029 4.373466
104.247045 4.231479
104.333798 4.065507
104.428785 4.314467
104.443784 3.899537
104.528774 4.245095
104.548769 4.148493
104.628759 4.089495
104.648756 4.231479
104.723621 4.342346
104.743619 3.816553
104.848730 4.148493
104.948717 4.065507
105.043704 4.729414
105.128695 4.272973
105.143699 4.065507
105.223680 4.243150
105.248677 4.065507
105.348664 3.982521
105.423653 4.314467
105.448650 4.563433
105.528640 4.272973
105.543638 4.148493
105.643625 4.065507
105.723614 3.968907
105.748611 4.065507
105.848597 4.812405
105.923591 4.148493
105.948587 4.729414
106.123471 4.300852
106.143468 4.065507
106.243580 4.397455
106.328569 4.632807
106.353565 4.480444
106.523543 4.120615
106.548540 4.729414
106.648526 3.982521
106.743514 4.148493
106.853499 4.729414
106.923491 5.006270
106.943487 4.646423
107.048473 4.646423
107.123464 4.632807
107.163458 4.563433
107.263445 4.895397
107.343434 4.286588
107.363431 4.397455
107.463293 4.065507
107.563404 5.144377
107.643394 4.658093
107.663391 4.646423
107.763378 4.397455
107.863365 4.812405
107.943354 4.909013
107.963352 4.895397
108.143327 5.531475
108.163325 5.310367
108.263312 4.978390
108.343301 5.255253
108.363299 4.978390
108.463285 4.646423
108.543274 5.268869
108.563307 5.393363
108.733284 6.029471
108.758281 5.642355
108.858178 6.223359
108.933293 5.738970
108.958290 4.895397
109.058312 5.891353
109.133302 5.323983
109.158301 4.480444
109.258286 6.057354
109.338275 6.527491
109.358272 7.136431
109.463258 7.136431
109.533249 6.126739
109.558246 6.140356
109.658232 5.725353
109.738222 5.711736
109.858206 6.555376
109.958192 6.458753
109.978190 6.804395
110.058179 6.792723
110.138168 6.638382
110.178163 6.804395
110.258028 6.591042
110.358139 6.500255
110.453127 6.436704
110.478124 6.721388
110.558113 6.568994
110.578110 6.638382
110.658100 6.543703
110.678097 6.638382
110.758086 6.596879
110.778118 6.721388
110.858108 6.863409
110.878105 6.638382
110.978092 7.551490
111.057521 7.077416
111.077537 7.136431
111.147591 6.707770
111.172613 6.140356
111.267684 6.140356
111.372767 6.389366
111.547903 7.067040
111.567922 7.551490
111.667996 7.468477
111.753062 6.527491
111.768074 6.306362
111.973233 6.057354
112.153374 6.666267
112.173390 6.638382
112.273467 7.053421
112.353529 6.859518
112.373545 6.804395
112.488102 6.638382
112.573427 5.974353
112.663245 5.820024
112.762044 6.251243
112.780008 6.555376
112.860891 6.425032
112.883345 6.306362
112.986589 6.389366
113.062981 7.195446
113.161734 6.887403
113.184189 6.804395
113.265072 6.389366
113.359368 6.278478
113.381822 5.974353
113.480622 6.887403
113.687203 6.804395
113.759104 7.233060
113.781559 7.053421
113.884803 7.385464
113.965639 6.984031
113.983649 7.136431
114.082402 7.468477
114.163285 7.053421
114.181202 7.053421
114.280002 7.468477
114.367549 7.786914
114.382675 7.468477
114.487658 7.385464
114.587645 7.468477
114.677633 7.195446
114.692632 7.468477
114.772620 7.025535
114.797616 6.970412
114.897603 7.385464
114.977595 7.177936
114.997590 7.302453
115.077579 7.717518
115.097577 8.215619
115.177566 8.021694
115.277553 7.504147
115.297550 7.800534
115.377540 7.164317
115.397537 7.468477
115.477527 7.219441
115.497523 7.219441
115.577517 7.302453
115.597510 7.800534
115.692372 9.128866
115.772361 8.589210
115.897470 7.136431
115.977459 7.399084
115.997456 6.721388
116.097443 7.717518
116.177441 7.537871
116.197430 7.551490
116.387404 8.547700
116.412401 8.796767
116.492390 8.298638
116.512388 8.547700
116.587378 7.814153
116.687364 7.670174
116.712362 7.385464
116.807348 7.966566
116.887338 7.990563
116.987324 8.340148
117.007321 8.464679
117.102187 8.464679
117.182298 8.077472
117.202295 8.464679
117.402301 8.132601
117.602274 7.634504
117.782251 8.187730
117.807246 8.215619
117.902234 8.132601
117.982223 7.620884
118.097208 7.836204
118.117205 7.883549
118.197195 7.883549
118.217192 7.883549
118.397168 8.229240
118.417040 8.381658
118.517152 8.215619
118.797114 8.187730
118.817111 8.796767
118.997087 8.049583
119.017085 7.717518
119.097074 7.788860
119.117071 7.883549
119.197061 7.662392
119.217058 7.551490
119.297047 7.836204
119.317045 8.381658
119.397034 8.063203
119.417031 8.049583
119.517019 8.132601
119.597007 8.395279
119.617004 8.049583
119.696994 8.488677
119.716992 8.796767
119.796855 8.685853
119.816853 8.547700
119.916965 8.547700
119.996954 7.994454
120.016952 7.883549
120.116937 8.215619
120.196927 8.215619
120.216924 8.630721
120.396900 8.617101
120.416897 8.713744
120.516884 8.547700
120.596873 8.561320
120.621870 8.464679
120.716857 8.381658
120.796847 8.575590
120.816844 8.132601
120.916834 8.713744
120.996854 8.810388
121.016851 8.879791
121.126836 8.464679
121.206700 8.035963
121.231697 8.298638
121.311811 8.357660
121.326809 8.381658
121.406832 8.519810
121.426829 8.630721
121.506819 8.832441
121.531816 9.045840
121.606806 8.672233
121.631804 8.713744
121.706792 8.381658
121.726789 8.630721
121.806778 8.146221
121.831774 8.381658
121.911767 8.393333
121.931762 8.464679
122.006753 8.381658
122.026749 8.796767
122.136735 8.464679
122.221726 8.215619
122.316713 8.239617
122.436697 8.547700
122.521690 8.583373
122.536556 8.547700
122.616579 8.409548
122.641576 8.464679
122.716691 8.476353
122.736688 8.796767
122.816677 8.395279
122.841677 8.796767
122.921663 8.595048
122.941661 8.298638
123.021650 8.464679
123.036648 8.132601
123.116637 8.381658
123.151632 8.547700
123.211624 8.506189
123.236621 8.879791
123.336612 8.796767
123.416597 8.534079
123.436594 8.298638
123.536581 9.045840
123.616570 8.478299
123.631568 8.464679
123.736554 7.966566
123.816543 8.492568
123.836541 8.879791
123.936402 8.796767
124.011427 8.270749
124.136535 8.962815
124.211559 8.727365
124.231556 8.049583
124.331543 8.464679
124.431529 8.768876
124.451527 8.464679
124.551514 8.962815
124.651500 8.298638
124.741488 8.630721
124.821478 8.492568
124.841474 8.713744
124.941461 8.713744
125.021450 8.436789
125.041448 8.215619
125.221423 8.851900
125.241421 8.879791
125.341282 8.962815
125.441394 8.796767
125.542407 8.464679
125.614265 8.658612
125.641207 8.630721
125.741503 8.630721
125.822386 8.934924
125.840303 8.962815
125.943593 9.045840
126.019939 8.561320
126.042393 9.128866
126.141193 8.630721
126.244483 8.713744
126.343283 8.298638
126.442083 8.547700
126.464537 8.879791
126.540929 8.725419
126.563384 9.128866
126.639682 8.700123
126.666631 8.713744
126.743019 8.713744
126.765513 8.630721
126.841806 8.796767
126.940606 8.559375
126.963061 8.713744
127.043897 8.741634
127.061860 8.962815
127.142696 8.785092
127.160662 8.962815
127.241496 8.990706
127.259506 8.879791
127.349324 9.294919
127.434604 8.589210
127.452568 8.962815
127.551416 9.128866
127.632203 8.879791
127.650167 8.879791
127.748967 9.211892
127.856749 8.713744
127.951057 8.642396
127.969022 8.547700
128.027402 8.866170
128.067867 8.298638
128.148656 8.844116
128.171111 8.713744
128.247502 8.644342
128.269957 8.547700
128.364219 8.713744
128.440564 8.451058
128.463019 7.966566
128.561865 8.547700
128.763955 8.879791
128.840254 8.201999
128.871000 8.381658
128.965987 7.717518
129.040979 8.174110
129.060974 8.132601
129.160995 8.879791
129.245984 8.700123
129.260982 8.796767
129.360967 9.211892
129.445832 8.575590
129.465828 8.215619
129.565939 7.883549
129.645929 8.008074
129.765918 8.630721
129.840903 8.298638
129.885931 8.713744
129.965919 8.630721
130.045908 8.644342
130.080904 8.215619
130.245882 7.966566
130.280877 8.464679
130.365898 8.251291
130.390895 8.713744
130.450887 8.257129
130.575870 8.215619
130.655859 8.229240
130.675861 7.800534
130.770719 8.547700
130.855833 8.326528
130.870830 8.298638
130.975816 7.717518
131.175789 7.800534
131.255778 7.994454
131.270777 7.634504
131.375762 8.298638
131.455750 8.049583
131.475749 8.049583
131.575735 8.547700
131.655724 8.436789
131.670727 8.049583
131.775741 7.883549
131.855730 7.745406
131.875733 7.468477
131.965719 7.658500
131.985713 7.302453
132.065702 7.745406
132.085699 8.049583
132.180686 7.717518
132.265675 7.772646
132.285673 7.053421
132.465683 7.565110
132.480680 7.966566
132.685653 8.298638
132.785639 7.717518
132.865629 7.399084
132.885625 6.887403
133.065601 7.454858
133.085599 7.634504
133.185586 7.385464
133.265574 7.620884
133.285571 8.215619
133.385558 7.468477
133.475547 7.025535
133.495418 6.970412
133.575408 7.065094
133.595405 7.136431
133.700516 6.970412
133.780643 7.314126
133.880720 7.330339
133.895732 7.468477
133.975794 7.160426
133.995811 7.053421
134.085879 6.721388
134.195967 7.302453
134.301047 7.717518
134.376108 7.361469
134.476182 7.343958
134.501201 7.219441
134.576260 7.124758
134.601280 7.385464
134.676343 7.081307
134.696353 7.385464
134.776415 6.934744
134.796434 7.468477
134.881501 7.205822
134.896508 7.800534
134.996586 7.468477
135.076648 7.011916
135.096663 7.053421
135.276804 6.832281
135.296819 6.638382
135.476960 6.818014
135.496974 7.136431
135.607060 6.306362
135.687122 6.251243
135.707136 6.389366
135.787200 5.962681
135.807215 5.808353
135.887276 5.891353
135.907292 6.555376
135.987354 6.365373
136.007369 7.053421
136.087432 7.011916
136.107447 7.136431
136.187509 7.195446
136.207524 5.974353
136.307602 5.476359
136.387664 6.377694
136.507757 4.231479
136.587819 5.334358
136.612839 5.061383
136.692901 5.919235
136.707912 5.891353
136.787975 6.164349
136.807990 5.559357
136.888052 6.126739
136.908068 3.982521
137.008145 4.397455
137.093212 5.310367
137.118231 4.314467
137.198293 5.014051
137.218308 5.144377
137.498525 5.379746
137.598604 5.464688
137.623622 5.144377
137.698681 5.006270
137.718696 4.480444
137.803762 5.393363
137.883824 5.006270
137.918851 4.646423
138.003917 5.108715
138.083979 4.950509
138.119006 5.559357
138.199068 5.322038
138.219085 5.227372
138.299146 5.074999
138.319161 5.393363
138.499301 4.604928
138.519317 4.646423
138.599379 4.646423
138.619394 4.480444
138.699456 4.660039
138.719472 4.314467
138.799536 4.670412
138.819549 4.812405
138.899810 4.895397
138.919807 4.729414
138.999796 4.788415
139.019672 5.393363
139.099659 4.687918
139.119782 3.733569
139.214767 4.231479
139.294756 3.968907
139.314755 3.318662
139.414740 3.899537
139.494729 3.899537
139.694702 3.539728
139.714700 3.484623
139.814686 4.314467
139.894676 3.913151
139.914673 3.401642
140.014659 4.231479
140.114646 4.065507
140.214673 3.437298
140.234670 3.401642
140.314659 2.986748
140.414520 3.946864
140.434522 3.650586
140.514632 4.079122
140.534629 3.401642
140.614618 3.686243
140.634615 3.484623
140.704606 3.111215
140.729602 3.069726
140.824589 3.318662
140.904579 3.152704
140.924576 3.152704
141.024564 3.650586
141.104552 3.567604
141.124552 3.152704
141.229535 3.318662
141.424508 3.318662
141.504499 3.539728
141.624481 2.737820
141.714344 3.111215
141.734466 3.069726
141.814330 2.962763
141.835602 2.903771
141.916443 2.986748
141.934402 1.991070
142.015238 2.453245
142.037692 2.322952
142.114037 2.668458
142.136492 2.654845
142.235292 2.903771
142.316127 2.945260
142.338581 3.318662
142.414927 2.879786
142.437381 1.991070
142.518217 2.709945
142.536228 2.157010
142.635022 2.488897
142.715904 2.032555
142.738359 1.825133
142.837111 2.322952
142.917995 1.935974
142.935912 2.405925
143.034711 1.825133
143.115546 1.728554
143.138002 2.074040
143.335638 2.157010
143.434484 2.074040
143.515273 1.797261
143.537728 1.908101
143.636574 1.576233
143.735328 1.410302
143.914962 1.742166
143.937417 1.825133
144.036238 1.908101
144.117052 1.935974
144.153029 1.659199
144.229325 1.860784
144.251779 2.074040
144.332661 1.604104
144.350578 1.659199
144.431414 1.090116
144.539237 2.322952
144.638036 1.587900
144.651509 1.659199
144.736883 1.410302
144.759337 1.659199
144.835636 1.683181
144.853599 0.746607
144.952402 0.165908
145.037762 0.948174
145.051281 2.986748
145.136562 0.718738
145.150035 2.239981
145.239721 1.125764
145.334794 1.285856
145.359814 2.074040
145.434872 1.114097
145.454887 1.825133
145.534949 0.345429
145.554965 1.576233
145.635029 0.651982
145.655042 1.659199
145.740108 0.511342
145.760124 2.239981
145.855198 1.327338
145.935263 -0.055086
145.955275 0.000000
146.035337 0.141929
146.055353 -0.995392
146.135414 0.746607
146.155430 1.825133
146.255508 2.322952
146.335569 0.345429
146.355585 0.082954
146.455662 -0.580657
146.535724 0.013610
146.560744 -0.580657
146.655817 0.165908
146.735880 -0.539183
146.755895 1.410302
146.855973 0.331819
146.936036 -0.276723
146.956050 -0.580657
147.056128 -0.746553
147.136189 -0.760162
147.156208 -0.663606
147.256282 -0.995392
147.336344 -0.580657
147.456440 -0.829500
147.536500 -0.649997
147.556515 -0.912447
147.751666 -1.147674
147.771681 -1.493053
147.851743 -1.540356
147.871759 -1.327169
147.951821 -1.340777
147.971836 -0.746553
148.051898 -0.746553
148.071914 -0.165905
148.151976 -1.023257
148.171998 -0.746553
148.252053 -1.434087
148.272069 -1.327169
148.352131 -2.184425
148.372146 -1.907752
148.452208 -2.049653
148.477227 -0.829500
148.552286 -2.501909
148.572307 -1.658935
148.752441 -3.248283
148.772456 -3.815155
148.852518 -2.844004
148.873649 -1.161282
148.948639 -2.654169
149.053624 -2.582899
149.068622 -1.493053
149.148611 -2.529770
149.173610 -0.995392
149.253597 -1.860451
149.273595 -0.331808
149.348584 -1.534524
149.373586 -0.331808
149.453570 -1.066673
149.473568 -0.497708
149.553556 -1.230618
149.568554 -2.322435
149.673542 -2.654169
149.758528 -0.525574
149.773526 -1.327169
149.953501 -0.843109
149.973498 -2.073627
150.073487 -1.327169
150.153474 -1.410111
150.173472 -1.658935
150.263459 -1.244226
150.283456 -0.497708
150.368485 -1.410111
150.463474 -1.149618
150.483470 -1.327169
150.563459 -1.645327
150.583458 -0.995392
150.663445 -1.303193
150.683443 -0.663606
150.773441 -0.829500
150.863419 -1.658935
150.883415 -1.327169
150.963404 -2.060020
150.988401 -1.161282
151.063391 -2.097601
151.083389 -1.824814
151.163378 -2.225893
151.183374 -1.575994
151.278362 -2.405369
151.358226 -2.833638
151.383224 -2.820032
151.483336 -2.820032
151.563324 -3.013751
151.583320 -3.400532
151.683306 -4.146841
151.783328 -3.815155
151.883315 -4.146841
151.963308 -4.423455
151.983307 -4.063921
152.163322 -4.326285
152.178315 -4.727268
152.293333 -4.146841
152.378321 -4.644352
152.473308 -3.756202
152.498304 -3.732232
152.573294 -3.594241
152.593292 -4.312681
152.678280 -3.945369
152.693278 -3.815155
152.778141 -3.455600
152.878253 -3.495119
152.893251 -3.566383
152.978239 -3.635703
152.993237 -3.400532
153.078225 -3.673278
153.098223 -3.400532
153.173212 -3.552778
153.193209 -3.566383
153.278198 -3.649308
153.373185 -3.400532
153.393182 -3.649308
153.478170 -3.436164
153.493168 -3.400532
153.573157 -3.304000
153.593154 -3.815155
153.673143 -3.151750
153.693142 -3.151750
153.773130 -2.654169
153.793127 -3.234678
153.878116 -3.057160
153.893120 -3.898078
153.993102 -4.063921
154.093086 -3.898078
154.173075 -3.262536
154.193072 -4.561435
154.293065 -4.146841
154.373048 -3.815155
154.393051 -3.566383
154.493031 -2.902962
154.693004 -3.566383
154.772994 -3.718627
154.792992 -4.395599
154.992963 -3.732232
155.092949 -4.312681
155.172938 -4.160446
155.197934 -4.063921
155.377909 -4.312681
155.392907 -4.395599
155.497773 -4.229761
155.577884 -3.856616
155.592880 -3.649308
155.697865 -4.395599
155.772855 -3.870221
155.792852 -3.980999
155.892839 -3.898078
155.992825 -4.091777
156.012823 -5.307661
156.292784 -4.466857
156.312781 -4.644352
156.387771 -4.340536
156.407769 -3.317605
156.507754 -4.146841
156.587743 -4.478517
156.707727 -3.980999
156.787715 -4.506373
156.807588 -3.483458
156.912699 -4.893098
156.987694 -4.533580
157.007685 -5.639300
157.107672 -4.312681
157.187660 -4.685810
157.207658 -4.063921
157.307685 -5.307661
157.397673 -4.976012
157.417670 -4.312681
157.497659 -4.762895
157.517656 -3.483458
157.597645 -4.906701
157.617643 -3.649308
157.797655 -4.699413
157.817652 -5.058925
157.917638 -4.893098
157.997627 -5.528539
158.017624 -4.395599
158.117611 -4.146841
158.197600 -4.989615
158.214795 -4.727268
158.295584 -4.336650
158.313549 -4.146841
158.394466 -4.699413
158.412384 -4.810183
158.511183 -4.810183
158.592019 -5.100382
158.609984 -5.307661
158.708828 -4.727268
158.789618 -5.100382
158.812072 -5.473482
158.915362 -5.556392
158.991707 -5.584244
159.009671 -5.473482
159.114458 -5.722209
159.195341 -5.238353
159.213257 -5.058925
159.316548 -4.478517
159.397472 -4.838037
159.509745 -4.940385
159.527662 -4.976012
159.595025 -5.155441
159.716278 -4.644352
159.815078 -5.542789
159.833042 -5.639300
159.900405 -5.650959
159.922860 -6.385450
160.027647 -5.805116
160.109979 -5.461823
160.129440 -5.390572
160.208779 -5.307661
160.223748 -5.805116
160.324045 -5.141838
160.407921 -6.067436
160.524637 -5.722209
160.605474 -6.081685
160.623437 -6.302547
160.728224 -6.302547
160.809060 -5.984531
160.827070 -6.219643
160.921332 -5.390572
161.006706 -5.846569
161.020132 -4.976012
161.124919 -5.556392
161.205755 -5.943078
161.228212 -5.473482
161.421319 -6.136739
161.439280 -6.385450
161.520116 -6.006552
161.618916 -6.108888
161.641370 -5.970929
161.737800 -5.307661
161.817853 -6.150341
161.917966 -5.946964
161.937982 -6.053834
162.038058 -6.053834
162.123164 -6.444388
162.142206 -6.385450
162.222195 -6.841404
162.242197 -6.302547
162.342061 -6.136739
162.432166 -6.261095
162.452163 -4.976012
162.532188 -6.195679
162.552186 -6.385450
162.632174 -7.628913
162.732161 -6.693091
162.752158 -6.799954
162.832147 -6.579103
162.852144 -6.219643
162.932133 -6.858890
162.952130 -6.053834
163.052123 -5.473482
163.132105 -6.894511
163.152103 -5.970929
163.232091 -6.965751
163.252089 -6.717055
163.352075 -5.805116
163.417067 -6.261095
163.452061 -6.302547
163.552048 -6.219643
163.632036 -6.081685
163.647034 -6.717055
163.731898 -6.148398
163.751895 -6.634154
163.832009 -5.901625
163.852006 -5.639300
163.941994 -6.302547
164.021983 -6.496202
164.041980 -6.468352
164.221955 -6.882853
164.241958 -6.468352
164.341939 -6.634154
164.441925 -7.463127
164.541911 -6.634154
164.621900 -6.827803
164.641897 -7.711806
164.741884 -7.214442
164.761880 -6.717055
164.841870 -7.421680
164.861867 -6.799954
164.941857 -7.321299
164.961853 -6.053834
165.026844 -7.504574
165.061839 -5.970929
165.141703 -7.818658
165.161700 -7.380232
165.241814 -8.195547
165.261811 -7.546020
165.341800 -7.889245
165.361798 -7.711806
165.431791 -8.333477
165.451785 -7.960478
165.551771 -8.292033
165.651793 -7.877588
165.756779 -8.292033
165.831769 -7.601066
165.851766 -7.297337
165.951754 -9.037992
166.031741 -7.905434
166.051738 -8.789345
166.151725 -7.048649
166.231713 -7.766851
166.256712 -7.463127
166.351696 -7.628913
166.441684 -7.849742
166.466556 -8.292033
166.541670 -8.078985
166.566675 -9.369513
166.641656 -8.209145
166.666653 -9.286634
166.741643 -8.137913
166.766639 -8.292033
166.841629 -8.181300
166.961612 -8.374920
167.046600 -8.236991
167.061598 -8.623577
167.161586 -8.457806
167.266570 -8.540692
167.446545 -9.037992
167.461543 -9.618146
167.566529 -9.618146
167.666514 -9.866774
167.761501 -8.955111
167.851364 -9.493830
167.861363 -9.286634
168.041462 -9.701023
168.061460 -9.701023
168.161446 -10.115395
168.241435 -9.991085
168.261472 -10.198268
168.461445 -10.681893
168.476442 -8.292033
168.556431 -9.570880
168.576462 -7.711806
168.661450 -9.065835
168.781433 -9.120874
168.856423 -9.465988
168.876424 -10.364011
168.961408 -9.949648
169.061394 -9.838933
169.081392 -8.955111
169.176378 -9.535269
169.281283 -10.944091
169.366396 -10.281139
169.451384 -9.328073
169.571368 -8.623577
169.651356 -8.471405
169.671391 -8.955111
169.766376 -8.872228
169.851366 -8.665019
169.876361 -8.872228
170.051373 -8.623577
170.071371 -8.872228
170.166365 -8.694806
170.191354 -8.955111
170.251346 -8.927267
170.291340 -9.452391
170.376328 -8.872228
170.451319 -9.273036
170.491312 -9.037992
170.571176 -9.203754
170.591173 -9.618146
170.691284 -9.203754
170.771312 -9.618146
170.791310 -9.452391
170.881297 -9.866774
171.061272 -10.211864
171.081269 -10.115395
171.166257 -9.961302
171.181257 -9.618146
171.261245 -9.908211
171.281242 -10.364011
171.386228 -10.529751
171.461217 -10.709084
171.486214 -11.192686
171.666188 -10.833386
171.781172 -11.441276
171.861161 -11.344819
171.901155 -11.275550
172.061170 -11.192686
172.181155 -10.778357
172.281140 -10.861224
172.381126 -11.772720
172.461115 -10.861224
172.481112 -11.938438
172.586097 -12.518430
172.681088 -10.861224
172.781071 -10.849571
172.801068 -10.529751
172.861066 -10.847629
172.981043 -10.411273
173.001040 -10.778357
173.091027 -10.529751
173.176051 -10.896831
173.196049 -11.524138
173.276037 -11.109822
173.291035 -11.275550
173.395899 -10.446881
173.476010 -10.350415
173.496007 -11.192686
173.591030 -11.855579
173.671019 -11.496302
173.696015 -13.098390
173.796003 -11.689860
173.875990 -11.372008
173.895987 -12.104153
173.995973 -12.684136
174.075964 -11.676266
174.100959 -11.938438
174.195946 -12.601284
174.270935 -11.096227
174.295932 -14.506730
174.390920 -13.264087
174.495907 -11.192686
174.598042 -9.369513
174.674433 -11.261955
174.692350 -9.037992
174.876523 -11.620594
174.894439 -13.678318
174.997730 -11.689860
175.074076 -11.731290
175.101067 -12.104153
175.195333 -12.104153
175.276165 -11.827744
175.316582 -12.187010
175.392976 -11.831628
175.415429 -12.435576
175.496227 -11.979867
175.693816 -12.629117
175.716272 -12.849840
175.792615 -12.447228
175.815070 -12.187010
175.895908 -12.559857
175.913869 -12.601284
175.994705 -12.542380
176.012668 -13.015541
176.102486 -12.766989
176.205776 -13.015541
176.286612 -12.753396
176.304579 -13.181239
176.403456 -13.098390
176.484246 -12.739156
176.506700 -12.766989
176.609990 -12.518430
176.681844 -12.725563
176.699808 -12.684136
176.807676 -12.684136
176.884014 -12.877673
177.000773 -13.346935
177.116080 -13.264087
177.196961 -13.524278
177.219416 -13.264087
177.300205 -13.374766
177.318169 -13.512628
177.416973 -12.932691
177.497804 -13.567642
177.520258 -13.346935
177.623596 -13.678318
177.695402 -13.388358
177.717857 -13.098390
177.821147 -13.512628
177.897492 -13.429782
177.919946 -13.098390
178.096094 -13.305511
178.126113 -13.761162
178.306251 -13.401950
178.326267 -12.932691
178.406329 -13.181239
178.426346 -13.595473
178.506406 -13.374766
178.526421 -13.346935
178.606483 -13.358585
178.710506 -13.733332
178.725503 -13.678318
178.810366 -13.772812
178.830363 -13.844006
178.910352 -13.554051
178.930475 -13.678318
179.005464 -13.548225
179.025461 -13.761162
179.105450 -13.788993
179.135446 -13.761162
179.230433 -14.009691
179.340417 -13.678318
179.420406 -13.926849
179.500395 -14.009691
179.520392 -13.098390
179.620382 -14.222618
179.640375 -14.506730
179.700367 -14.520321
179.720364 -14.589568
179.820356 -15.335077
179.900339 -15.487149
179.940333 -14.672405
180.020322 -15.867643
180.040319 -15.832053
180.140181 -17.074390
180.220169 -16.601413
180.240167 -15.997706
180.320280 -16.411828
180.510289 -16.108356
180.530287 -16.411828
180.730295 -15.666397
180.830282 -16.743114
180.910270 -15.638571
180.930267 -17.157207
181.030253 -16.743114
181.110242 -15.445733
181.130239 -15.583568
181.230226 -16.163357
181.310214 -15.873466
181.330212 -15.997706
181.430198 -16.246181
181.510187 -16.011295
181.530183 -15.335077
181.710158 -16.729526
181.735155 -15.666397
181.830142 -15.583568
181.930165 -16.991572
182.030149 -16.577473
182.130137 -16.370417
182.250119 -18.316578
182.330108 -16.839522
182.355104 -17.322839
182.430095 -17.311193
182.530081 -17.074390
182.550077 -18.316578
182.630066 -16.991572
182.650064 -17.405654
182.730052 -16.798112
182.750061 -17.074390
182.830044 -16.873167
182.850035 -17.571283
182.949897 -17.488469
183.030010 -17.145561
183.050008 -17.322839
183.134996 -17.143620
183.149993 -16.991572
183.229982 -17.358424
183.249980 -17.985342
183.329969 -17.170794
183.349966 -17.240023
183.434957 -17.488469
183.449951 -16.991572
183.529940 -17.612689
183.549938 -17.736909
183.629926 -17.381716
183.649924 -18.564998
183.729913 -17.654096
183.749910 -18.399386
183.829898 -17.157207
183.849896 -15.914880
183.929884 -17.612689
183.949883 -16.660294
184.029871 -17.985342
184.049867 -18.316578
184.129856 -17.764728
184.149853 -17.736909
184.249714 -17.322839
184.329704 -17.253610
184.349825 -16.991572
184.449811 -16.577473
184.529800 -18.137376
184.549799 -17.074390
184.649785 -17.902532
184.729773 -17.764728
184.749769 -18.150962
184.849756 -17.902532
184.929745 -17.709089
185.049727 -17.902532
185.139715 -18.164547
185.159713 -18.316578
185.244700 -18.257707
185.264698 -18.482192
185.339687 -18.344396
185.359720 -18.150962
185.444708 -18.316578
185.459706 -18.564998
185.544694 -18.675621
185.564602 -18.647804
185.644717 -18.541062
185.664713 -17.985342
185.744702 -17.998928
185.859686 -18.150962
186.064657 -18.647804
186.144646 -18.702791
186.244669 -18.458256
186.259666 -18.399386
186.344655 -18.371568
186.359653 -18.316578
186.459639 -18.647804
186.544626 -18.068152
186.559624 -17.571283
186.664609 -17.240023
186.744598 -18.427204
186.759597 -17.902532
186.959569 -18.233770
187.064429 -17.405654
187.144542 -18.068152
187.164542 -16.908753
187.259527 -17.902532
187.339515 -18.205952
187.359513 -19.144622
187.464498 -18.068152
187.544487 -18.385800
187.559485 -17.985342
187.674469 -18.233770
187.754458 -17.930351
187.774455 -18.068152
187.874440 -18.068152
187.954429 -17.709089
187.974427 -17.819721
188.054415 -17.547344
188.074413 -17.571283
188.154403 -17.516289
188.179398 -17.902532
188.274385 -18.482192
188.354248 -17.998928
188.374369 -18.316578
188.454235 -18.233770
188.479230 -18.150962
188.554346 -18.316578
188.579341 -18.730608
188.654331 -18.375449
188.679328 -19.393022
188.754317 -18.495778
188.774313 -18.482192
188.854304 -18.493837
188.874301 -17.819721
188.954289 -18.427204
188.974287 -18.399386
189.074272 -18.564998
189.174258 -18.399386
189.274245 -18.564998
189.369231 -18.799827
189.389227 -18.896216
189.469217 -18.896216
189.569202 -18.951202
189.589200 -18.896216
189.664190 -18.825057
189.689187 -18.482192
189.769175 -18.302993
189.789171 -18.813412
189.869036 -18.423322
189.889158 -18.730608
189.969183 -18.275174
189.984181 -18.150962
190.064170 -18.209833
190.089166 -18.068152
190.169189 -18.661389
190.189187 -19.310223
190.289173 -19.641416
190.369162 -19.282407
190.389159 -19.641416
190.464148 -19.558619
190.489149 -19.227423
190.589131 -19.558619
190.689117 -19.475821
190.769108 -19.393022
190.784103 -19.558619
190.879090 -19.061820
190.960276 -19.351622
191.081580 -18.979018
191.162371 -19.448006
191.180329 -20.055394
191.279129 -19.227423
191.360000 -19.793426
191.377964 -20.386564
191.476765 -20.138187
191.559096 -20.552145
191.761185 -20.841906
191.783640 -20.800512
191.882487 -21.545576
192.084574 -21.131658
192.178844 -21.269417
192.201290 -21.876699
192.282126 -21.545576
192.300090 -21.711139
192.376482 -21.517767
192.394399 -21.131658
192.475236 -21.817848
192.497689 -20.717723
192.574070 -21.890280
192.592034 -21.214443
192.677360 -21.699498
192.695323 -21.711139
192.794123 -22.125034
192.897415 -21.711139
192.973758 -21.421402
192.996212 -21.380011
193.095058 -21.628358
193.175853 -21.310809
193.193811 -21.297227
193.297147 -20.966086
193.377936 -20.621352
193.395900 -20.966086
193.494699 -21.214443
193.575538 -20.676329
193.597990 -20.883299
193.696788 -21.214443
193.777624 -20.731306
193.795588 -21.048872
193.885405 -20.670508
193.988731 -20.786929
194.006695 -20.469355
194.087532 -20.658866
194.109985 -20.055394
194.186330 -20.772700
194.204293 -20.634934
194.288964 -20.445423
194.308979 -20.552145
194.409056 -20.055394
194.489121 -20.788870
194.504129 -22.290588
194.589194 -21.393593
194.609210 -21.214443
194.704284 -20.634934
194.789350 -21.517767
194.894429 -21.427223
194.909441 -20.552145
194.989502 -21.421402
195.003622 -21.048872
195.108608 -22.207811
195.188593 -20.883299
195.203591 -21.959478
195.308451 -20.552145
195.403563 -21.959478
195.508548 -20.386564
195.588536 -21.476375
195.608534 -20.552145
195.708519 -21.131658
195.788508 -21.062454
195.808505 -21.048872
195.913490 -20.303772
195.988480 -20.386564
196.008477 -20.138187
196.108463 -19.889805
196.188452 -20.469355
196.208449 -19.393022
196.303436 -19.807009
196.383425 -19.876221
196.423419 -19.807009
196.503410 -19.818652
196.523405 -19.807009
196.603393 -19.682815
196.623266 -19.641416
196.703254 -19.451887
196.723251 -18.979018
196.803365 -19.393022
196.823363 -19.641416
196.933347 -20.055394
197.003337 -19.517220
197.023334 -19.227423
197.103323 -19.321866
197.123320 -18.896216
197.203309 -19.310223
197.223306 -18.896216
197.323292 -19.807009
197.403281 -18.992603
197.433277 -19.641416
197.528263 -18.979018
197.603252 -18.841229
197.623249 -19.061820
197.703238 -19.298579
197.728238 -19.807009
197.803224 -19.061820
197.823221 -19.807009
197.903210 -19.203488
197.938205 -19.061820
197.998196 -19.351622
198.218165 -18.647804
198.398141 -18.537181
198.418137 -17.902532
198.518126 -18.068152
198.598112 -18.482192
198.618109 -17.654096
198.718095 -18.813412
198.798084 -18.371568
198.818081 -17.736909
198.918067 -18.068152
199.013054 -18.026747
199.033053 -17.736909
199.108040 -18.304933
199.128038 -19.144622
199.213025 -17.723322
199.228023 -18.564998
199.308013 -17.725263
199.328009 -18.233770
199.407873 -17.529876
199.432870 -18.068152
199.527980 -17.571283
199.612969 -18.233770
199.632966 -18.896216
199.712956 -18.718964
199.732952 -20.303772
199.807942 -18.592816
199.832937 -18.647804
200.007913 -18.702791
200.027910 -18.564998
200.127896 -18.399386
200.207885 -18.275174
200.407857 -18.744193
200.427854 -19.144622
200.527839 -18.564998
200.607829 -18.965434
200.627828 -18.896216
200.727811 -19.061820
200.807675 -19.020419
200.927783 -18.813412
201.117757 -18.636159
201.137753 -18.647804
201.217742 -18.564998
201.237739 -19.889805
201.322727 -19.203488
201.337725 -18.896216
201.422713 -18.909801
201.437711 -19.227423
201.522699 -19.357444
201.537697 -19.807009
201.637683 -19.889805
201.722670 -19.251357
201.742668 -19.393022
201.817658 -18.992603
201.837654 -18.813412
201.937640 -18.896216
202.012631 -19.296638
202.032627 -19.061820
202.132613 -19.641416
202.152485 -19.558619
202.252471 -19.227423
202.332584 -19.724213
202.357581 -19.310223
202.437570 -19.641416
202.537556 -20.138187
202.617544 -20.179584
202.652539 -20.055394
202.737527 -20.303772
202.752525 -19.724213
202.837513 -20.220980
202.852511 -20.055394
202.932500 -19.948667
202.952497 -19.807009
203.032485 -20.068977
203.052482 -20.055394
203.137470 -20.576076
203.157468 -20.303772
203.237456 -20.455772
203.252454 -20.386564
203.332448 -20.339347
203.352441 -20.386564
203.437428 -20.331585
203.452426 -20.055394
203.532289 -19.996532
203.552287 -20.138187
203.632400 -20.193167
203.652398 -18.730608
203.732386 -19.878162
203.752383 -19.475821
203.832372 -19.627832
203.952355 -19.972600
204.032381 -20.290189
204.052378 -18.979018
204.152364 -19.558619
204.232354 -19.903388
204.252350 -19.641416
204.352335 -20.303772
204.432325 -20.455772
204.452322 -21.711139
204.552308 -20.138187
204.632296 -19.917619
204.652293 -20.220980
204.752282 -21.131658
204.832267 -20.745535
204.852139 -21.131658
204.952161 -20.717723
205.032274 -19.917619
205.152257 -19.641416
205.232246 -19.420837
205.252243 -20.469355
205.352229 -20.386564
205.432217 -19.586434
205.452215 -20.220980
205.552201 -20.386564
205.632190 -19.710629
205.652188 -20.552145
205.752172 -19.807009
205.852158 -19.393022
205.952144 -20.055394
206.047130 -19.489405
206.072127 -20.220980
206.152115 -18.884571
206.172114 -18.730608
206.271973 -18.730608
206.351962 -18.931795
206.371963 -19.558619
206.452073 -19.006835
206.557058 -19.144622
206.652044 -19.034004
206.672053 -18.896216
206.872013 -18.896216
207.151973 -18.777833
207.171971 -18.730608
207.355631 -18.907860
207.369108 -18.979018
207.449940 -18.619986
207.472394 -18.233770
207.562212 -18.150962
207.647538 -18.495778
207.665548 -18.399386
207.764301 -18.813412
207.840646 -18.054566
207.858609 -18.564998
207.966390 -18.150962
208.069726 -17.985342
208.168479 -17.902532
208.262787 -18.564998
208.361633 -17.985342
208.384087 -18.482192
208.563722 -17.843658
208.667002 -17.998928
208.680474 -18.399386
208.783763 -17.488469
208.878118 -17.654096
208.963398 -17.736909
208.981361 -18.316578
209.057753 -17.902532
209.084651 -18.647804
209.160996 -18.056507
209.183450 -18.068152
209.358594 -17.926469
209.385540 -17.736909
209.461931 -17.819721
209.484386 -17.902532
209.560684 -17.938115
209.587630 -18.233770
209.664021 -17.599103
209.683435 -18.068152
209.764270 -17.926469
209.786724 -18.068152
209.863069 -18.109557
209.885524 -18.150962
209.966362 -18.222125
209.984323 -18.482192
210.086116 -18.482192
210.184920 -17.571283
210.265750 -18.233770
210.283714 -18.150962
210.387003 -18.730608
210.463348 -18.344396
210.485802 -18.316578
210.584647 -18.482192
210.665437 -18.261589
210.687896 -17.902532
210.786758 -19.144622
210.861816 -18.316578
210.881831 -20.220980
210.981909 -17.985342
211.066973 -18.468607
211.086989 -17.157207
211.187067 -18.316578
211.282140 -17.654096
211.386408 -18.316578
211.466395 -18.371568
211.486393 -18.068152
211.586380 -17.902532
211.676367 -18.744193
211.701237 -18.730608
211.876338 -18.772010
211.901335 -19.061820
211.981329 -19.132978
212.001319 -19.061820
212.101306 -19.310223
212.181294 -19.227423
212.201292 -18.813412
212.281280 -19.186022
212.301277 -19.972600
212.381265 -19.085755
212.401263 -18.730608
212.481252 -19.075405
212.501256 -18.399386
212.581238 -19.109043
212.596236 -19.061820
212.671263 -19.158206
212.691259 -19.310223
212.871234 -19.282407
212.891231 -18.647804
213.071080 -19.600018
213.111199 -20.055394
213.191063 -19.475821
213.271177 -19.545035
213.291174 -19.807009
213.396159 -18.647804
213.491145 -19.779195
213.511143 -19.641416
213.591131 -19.700280
213.611128 -19.475821
213.686119 -19.876221
213.706116 -19.144622
213.801101 -19.641416
213.901087 -20.303772
214.001073 -20.386564
214.081061 -19.959016
214.206044 -19.724213
214.281033 -19.959016
214.301030 -19.889805
214.406015 -19.144622
214.486004 -19.530804
214.505876 -19.641416
214.605989 -19.972600
214.680976 -19.475821
214.715971 -18.896216
214.795960 -19.168556
214.815957 -18.979018
214.900945 -19.075405
214.915943 -19.144622
215.015928 -19.889805
215.095917 -19.351622
215.115914 -18.399386
215.195903 -18.967374
215.215900 -19.061820
215.315887 -19.641416
215.395875 -19.700280
215.415871 -19.144622
215.495863 -19.338038
215.595846 -18.742253
215.615843 -18.896216
215.695831 -18.868399
215.715829 -19.393022
215.815815 -19.641416
215.895716 -19.627832
215.915713 -19.889805
216.010824 -20.138187
216.095812 -19.310223
216.115809 -19.641416
216.215795 -18.896216
216.295783 -19.462237
216.315781 -18.482192
216.415767 -18.979018
216.495755 -18.730608
216.515752 -18.813412
216.615738 -18.399386
216.715724 -18.399386
216.815713 -18.730608
216.895698 -18.344396
216.915695 -19.393022
217.015722 -18.068152
217.095710 -18.868399
217.215697 -17.654096
217.295557 -19.048236
217.315554 -18.979018
217.495653 -18.661389
217.515650 -18.068152
217.615636 -18.482192
217.725621 -18.896216
217.805609 -18.564998
217.825606 -18.068152
217.910594 -18.288760
217.925592 -18.482192
218.005581 -18.186544
218.025578 -18.233770
218.105566 -17.916118
218.125564 -17.985342
218.210551 -17.772492
218.225549 -18.150962
218.305542 -17.695502
218.325535 -17.488469
218.425523 -17.819721
218.505509 -17.985342
218.530506 -17.654096
218.625492 -18.730608
218.715479 -18.220185
218.740476 -18.233770
218.820464 -17.488469
218.900453 -17.791901
218.940447 -17.654096
219.020436 -17.890886
219.040433 -18.233770
219.120421 -18.647804
219.225407 -17.985342
219.320393 -17.819721
219.340390 -18.150962
219.420379 -17.701325
219.440376 -17.571283
219.540361 -17.819721
219.615350 -17.642450
219.640351 -17.902532
219.725335 -17.819721
219.820321 -17.772492
219.840318 -17.157207
219.920307 -17.888946
219.940180 -17.654096
220.020168 -18.068152
220.040165 -17.985342
220.115279 -17.916118
220.140276 -18.233770
220.230263 -18.399386
220.310289 -18.537181
220.335286 -18.647804
220.435271 -19.641416
220.515260 -19.268823
220.530258 -19.889805
220.635243 -19.144622
220.715233 -18.730608
220.735229 -18.979018
220.835217 -18.399386
220.915204 -18.495778
221.130172 -18.440789
221.150169 -19.144622
221.225162 -18.493837
221.245159 -18.150962
221.325145 -18.261589
221.350141 -17.985342
221.430004 -17.890886
221.445127 -17.736909
221.550112 -18.564998
221.630101 -18.174899
221.645098 -18.730608
221.725087 -18.316578
221.745084 -18.150962
221.825075 -18.257707
221.850071 -18.233770
221.945056 -18.316578
222.025044 -18.529418
222.050041 -19.144622
222.130029 -18.275174
222.230015 -18.079797
222.250012 -17.902532
222.330001 -18.261589
222.345002 -18.150962
222.429986 -18.233770
222.449984 -18.647804
222.529972 -18.178780
222.544970 -17.819721
222.719820 -17.736909
222.739818 -17.902532
222.844927 -17.322839
222.964910 -17.736909
223.039899 -18.174899
223.059896 -19.061820
223.124887 -18.330164
223.139884 -19.227423
223.244872 -18.482192
223.324866 -18.220185
223.364852 -17.654096
223.459877 -17.322839
223.544863 -18.647804
223.639850 -17.973697
223.654847 -18.399386
223.752013 -18.150962
223.837341 -18.482192
223.931649 -18.454374
223.954103 -18.730608
224.034985 -18.458256
224.057440 -18.399386
224.124803 -18.592816
224.147257 -18.979018
224.250500 -18.896216
224.322354 -18.730608
224.349345 -18.564998
224.448098 -18.150962
224.546896 -18.730608
224.650187 -18.979018
224.731069 -19.420837
224.748986 -19.227423
224.847785 -19.653060
224.865794 -19.310223
224.946584 -19.986183
224.964546 -18.979018
225.045429 -19.712570
225.067884 -18.896216
225.144182 -19.034004
225.166636 -19.061820
225.242981 -19.168556
225.352305 -19.268823
225.442122 -18.967374
225.469022 -18.730608
225.549856 -18.951202
225.564826 -19.310223
225.666666 -18.896216
225.943603 -18.495778
225.967506 -18.068152
226.049840 -18.139317
226.069300 -17.405654
226.148639 -18.095971
226.166601 -17.405654
226.272932 -17.488469
226.343246 -17.833307
226.362750 -18.647804
226.470485 -18.150962
226.570780 -16.660294
226.669626 -17.322839
226.750415 -17.778315
226.768378 -18.068152
226.867177 -17.654096
226.948013 -17.336426
226.970467 -18.068152
227.149510 -18.357982
227.169525 -17.819721
227.269603 -17.819721
227.349664 -17.654096
227.374682 -17.902532
227.469755 -17.322839
227.569833 -17.654096
227.669910 -17.322839
227.749970 -17.654096
227.769986 -17.322839
227.869243 -17.571283
227.954232 -17.543463
227.969229 -17.405654
228.074215 -17.819721
228.159201 -17.584869
228.184198 -17.488469
228.264061 -17.275608
228.284061 -16.494651
228.364173 -17.226436
228.384170 -17.157207
228.464159 -17.133267
228.564143 -17.046568
228.584141 -17.488469
228.664130 -17.251669
228.684127 -17.074390
228.784112 -17.488469
228.864100 -16.944339
228.884098 -17.322839
228.964124 -17.005159
228.984121 -17.240023
229.084107 -16.246181
229.184096 -18.564998
229.364117 -16.867344
229.484094 -16.660294
229.579081 -17.074390
229.764054 -16.756702
229.784051 -17.157207
229.874038 -17.038804
229.894035 -17.405654
229.979023 -17.654096
230.074010 -17.311193
230.094007 -17.571283
230.173995 -17.115798
230.273980 -17.157207
230.293978 -16.991572
230.398963 -17.240023
230.498988 -17.405654
230.573978 -16.660294
230.593975 -16.991572
230.673963 -17.062743
230.773949 -17.667683
230.793946 -17.902532
230.873934 -17.996988
230.893931 -18.730608
230.973795 -17.916118
230.993792 -18.316578
231.073781 -17.926469
231.178891 -18.164547
231.198887 -18.150962
231.273877 -18.009280
231.293874 -17.902532
231.388860 -17.488469
231.488846 -18.564998
231.568835 -17.640510
231.593831 -16.743114
231.688817 -16.660294
231.768806 -17.392067
231.788803 -17.157207
231.903787 -17.322839
231.983775 -17.488469
231.998772 -16.991572
232.083761 -17.595221
232.103757 -17.488469
232.183746 -17.888946
232.203747 -18.233770
232.283731 -17.961405
232.303729 -17.488469
232.388591 -18.137376
232.483703 -18.020925
232.498700 -17.488469
232.578689 -17.971756
232.683674 -17.926469
232.698674 -18.482192
232.783659 -18.040333
232.798657 -17.157207
232.898643 -17.902532
232.978631 -17.930351
232.998628 -18.482192
233.093615 -18.068152
233.198599 -17.902532
233.298585 -17.488469
233.378574 -17.295018
233.403570 -16.246181
233.498556 -15.914880
233.598543 -17.240023
233.698403 -16.825934
233.778391 -17.157207
233.798513 -17.902532
233.908497 -17.322839
233.993489 -17.377834
234.013482 -16.411828
234.088473 -17.251669
234.108468 -16.246181
234.188457 -17.295018
234.208454 -16.577473
234.293442 -16.920400
234.308440 -16.494651
234.388428 -16.715292
234.413425 -16.991572
234.488414 -17.109975
234.508411 -16.660294
234.593399 -16.908753
234.608396 -17.488469
234.708382 -18.150962
234.793370 -17.322839
234.813367 -17.322839
234.983342 -17.102211
235.023336 -17.902532
235.103200 -16.411828
235.203190 -16.246181
235.303297 -17.157207
235.383291 -16.867344
235.403282 -16.743114
235.503267 -16.932693
235.523265 -17.736909
235.588255 -16.963750
235.703239 -16.932693
235.723236 -16.080532
235.788227 -17.198615
235.823221 -16.908753
235.903210 -17.441239
235.923207 -17.736909
236.003195 -17.198615
236.028194 -16.163357
236.123178 -15.997706
236.203166 -16.287593
236.223164 -16.163357
236.303152 -16.671940
236.328149 -16.411828
236.403138 -16.425416
236.423135 -16.991572
236.598109 -16.342593
236.618107 -16.660294
236.718093 -17.405654
236.798081 -16.536062
236.818078 -17.571283
236.923062 -16.577473
236.998052 -16.342593
237.018049 -16.411828
237.123037 -16.246181
237.203022 -16.191181
237.218020 -16.743114
237.318006 -16.329005
237.402993 -17.185028
237.422990 -16.411828
237.522976 -15.583568
237.607964 -16.522474
237.617962 -16.163357
237.802935 -16.108356
237.817933 -16.577473
238.002907 -15.735636
238.022904 -15.500738
238.112891 -15.760873
238.132888 -15.252245
238.212876 -15.707811
238.232873 -15.666397
238.312868 -15.867643
238.432884 -15.583568
238.532870 -15.666397
238.617857 -16.066943
238.632856 -16.246181
238.732841 -16.246181
238.812829 -16.176945
238.832827 -16.577473
238.932849 -16.329005
239.012838 -16.425416
239.032835 -16.494651
239.247679 -15.914880
239.327675 -16.577473
239.422778 -16.688116
239.447775 -16.329005
239.527763 -16.411828
239.632748 -16.080532
239.722773 -15.914880
239.747769 -15.749225
239.822759 -15.777050
239.842756 -15.583568
239.927743 -14.838077
240.047726 -14.589568
240.137458 -14.838077
240.218247 -15.100169
240.240701 -15.086580
240.321537 -15.062636
240.339547 -15.086580
240.420335 -14.962329
240.438299 -14.920912
240.541635 -14.755241
240.622424 -14.768831
240.640388 -14.755241
240.739187 -13.844006
240.815531 -14.147544
240.842477 -14.009691
240.936785 -14.755241
241.017620 -14.617396
241.035632 -14.589568
241.152349 -14.341053
241.331980 -14.577919
241.345453 -14.258213
241.435270 -14.700233
241.453233 -13.429782
241.529665 -14.707999
241.552116 -14.755241
241.637396 -14.920912
241.655361 -15.335077
241.731750 -14.707999
241.749667 -14.838077
241.830502 -14.617396
241.852957 -14.341053
241.924811 -14.341053
242.032591 -14.451720
242.050555 -14.506730
242.131391 -14.471136
242.158386 -14.506730
242.230189 -14.617396
242.351480 -14.920912
242.427871 -14.561740
242.450326 -14.838077
242.544587 -14.341053
242.629960 -14.437483
242.661350 -14.506730
242.742232 -14.565623
242.840984 -14.561740
242.858947 -14.672405
242.939783 -14.151427
242.962237 -14.175373
243.043072 -14.161782
243.061036 -13.761162
243.240670 -14.451720
243.258680 -14.506730
243.339469 -14.329404
243.357433 -14.009691
243.442759 -14.244623
243.460768 -13.926849
243.542382 -14.009691
243.567400 -14.092532
243.642459 -13.885427
243.677485 -13.678318
243.757547 -13.512628
243.837608 -13.305511
243.857624 -13.678318
244.037761 -13.360527
244.057776 -12.766989
244.162205 -13.098390
244.237194 -13.636896
244.257192 -12.601284
244.357177 -11.358414
244.437166 -12.380556
244.457162 -11.772720
244.637136 -12.435576
244.662133 -13.595473
244.752120 -12.778640
244.771992 -12.187010
244.852105 -12.242032
244.872102 -11.855579
244.952091 -12.187010
245.052077 -12.670544
245.072113 -12.601284
245.172138 -12.849840
245.252131 -12.518430
245.272123 -12.187010
245.352117 -12.778640
245.372109 -13.595473
245.452098 -12.946283
245.472094 -14.009691
245.552084 -13.145640
245.652068 -13.333343
245.672065 -12.684136
245.767052 -12.684136
245.962024 -12.518430
246.042011 -12.435576
246.066883 -12.684136
246.161994 -12.021296
246.241982 -11.676266
246.261980 -11.938438
246.362007 -11.548090
246.377001 -11.441276
246.461989 -11.441276
246.481986 -11.275550
246.561980 -10.885178
246.581971 -10.695489
246.656960 -10.433285
246.681957 -10.612620
246.756946 -10.742749
246.861930 -10.791952
246.881928 -11.192686
246.961916 -10.849571
247.056902 -10.806195
247.076899 -11.109822
247.161887 -10.600967
247.181884 -11.275550
247.276870 -11.192686
247.451720 -10.764761
247.471717 -11.192686
247.571868 -10.529751
247.671851 -10.612620
247.771837 -10.861224
247.851825 -11.054794
247.891820 -11.606999
247.971808 -10.612620
248.051796 -10.778357
248.071794 -11.689860
248.191777 -11.358414
248.251773 -11.068389
248.291762 -10.364011
248.371749 -10.825617
248.391747 -10.446881
248.471736 -10.791952
248.491732 -10.778357
248.576720 -10.778357
248.671711 -10.847629
248.791689 -10.446881
248.871552 -10.267543
248.891554 -10.529751
248.971669 -10.529751
248.991659 -10.944091
249.071648 -10.654055
249.091646 -10.612620
249.171634 -10.529751
249.191630 -10.778357
249.271621 -10.046118
249.366606 -9.689368
249.386602 -9.369513
249.491588 -9.866774
249.591573 -10.115395
249.666561 -10.239704
249.691557 -9.618146
249.786545 -9.535269
249.986516 -9.866774
250.081377 -10.170428
250.101498 -9.203754
250.181486 -9.783898
250.281472 -10.446881
250.381458 -11.026956
250.486443 -10.612620
250.586428 -9.949648
250.781437 -9.428434
250.801434 -9.369513
250.881422 -9.397355
250.901419 -9.783898
250.981408 -9.866774
251.001405 -9.452391
251.091392 -9.701023
251.181378 -9.677066
251.206375 -10.364011
251.281364 -9.148716
251.301362 -9.286634
251.381350 -8.836615
251.401347 -7.960478
251.481341 -8.900072
251.501332 -9.783898
251.596194 -10.115395
251.676307 -9.631743
251.696304 -8.043368
251.796289 -8.209145
251.876277 -9.093031
251.896275 -8.623577
251.996260 -7.546020
252.076249 -8.802943
252.196231 -8.623577
252.276219 -9.410952
252.296216 -8.623577
252.396202 -8.126257
252.476190 -8.927267
252.496187 -8.457806
252.606171 -8.955111
252.686160 -8.540692
252.791145 -8.292033
252.806142 -7.960478
252.891129 -8.471405
252.990990 -8.137913
253.111098 -7.960478
253.191086 -8.280377
253.206085 -7.463127
253.286072 -8.029769
253.311069 -6.717055
253.391057 -7.510402
253.411054 -6.634154
253.486043 -8.319878
253.506042 -8.126257
253.591028 -8.670847
253.621024 -8.457806
253.686014 -9.687426
253.701014 -9.120874
253.800997 -9.535269
253.880986 -9.107276
253.900983 -9.037992
254.000969 -7.546020
254.085956 -8.112658
254.100954 -8.043368
254.200944 -7.451470
254.300799 -7.518173
254.320796 -7.877588
254.400910 -7.830314
254.420908 -7.877588
254.485897 -7.711806
254.520892 -7.297337
254.600880 -7.013029
254.630876 -6.385450
254.695866 -6.827803
254.815851 -9.037992
254.895837 -7.559620
254.910835 -8.540692
255.010821 -6.965751
255.110806 -7.380232
255.210792 -6.634154
255.290780 -6.717055
255.310777 -6.965751
255.410763 -8.043368
255.495750 -7.711806
255.510748 -7.794697
255.610733 -7.546020
255.690597 -7.546020
255.710596 -8.872228
255.810704 -7.214442
255.890693 -6.413300
255.910690 -7.711806
256.015674 -8.540692
256.110700 -6.993600
256.145695 -8.292033
256.205686 -6.930131
256.225683 -8.623577
256.305672 -6.592704
256.325669 -7.463127
256.405658 -6.290889
256.425062 -6.468352
256.505898 -6.164590
256.622660 -6.717055
256.703496 -6.330397
256.721505 -7.380232
256.824748 -8.457806
256.905584 -6.647755
256.923595 -7.380232
257.004383 -6.385450
257.026837 -5.888023
257.103228 -6.330397
257.219944 -5.888023
257.318743 -6.371849
257.336706 -6.965751
257.516340 -5.832968
257.615139 -5.994894
257.637593 -5.888023
257.709494 -6.399051
257.727410 -6.053834
257.830701 -7.297337
257.911582 -6.025983
258.104642 -6.067436
258.127096 -5.722209
258.225942 -5.888023
258.324694 -5.390572
258.428030 -6.053834
258.504328 -6.136739
258.522291 -6.136739
258.630119 -5.888023
258.701926 -5.888023
258.742390 -5.805116
258.823179 -6.065493
258.850124 -6.053834
258.904014 -5.625698
258.926469 -5.307661
259.025267 -5.437857
259.043231 -5.639300
259.142034 -6.551253
259.222865 -6.338169
259.249810 -6.634154
259.321664 -6.206042
259.344118 -6.219643
259.424953 -5.864058
259.442921 -5.141838
259.528326 -5.211147
259.546244 -4.478517
259.628575 -4.762895
259.646539 -4.976012
259.750047 -5.888023
259.830152 -6.042176
259.855165 -6.468352
259.930225 -5.432027
259.950237 -5.805116
260.030300 -5.354946
260.050314 -5.888023
260.125371 -4.685810
260.150392 -5.639300
260.225448 -4.668320
260.250467 -5.390572
260.325524 -5.003866
260.345542 -5.390572
260.430145 -5.509107
260.450141 -4.561435
260.530129 -5.611448
260.550126 -4.478517
260.630115 -4.893098
260.650113 -4.229761
260.725101 -4.395599
260.750097 -4.063921
260.850082 -4.644352
260.930071 -4.602893
260.950068 -5.141838
261.050092 -6.136739
261.130079 -4.727268
261.150076 -5.888023
261.249937 -5.307661
261.325051 -3.898078
261.350047 -4.893098
261.440034 -3.815155
261.540020 -4.243365
261.560017 -4.312681
261.640005 -4.620383
261.739991 -4.602893
261.764987 -4.229761
261.844975 -4.063921
261.939961 -4.091777
261.959958 -3.815155
262.044945 -3.898078
262.139936 -3.704374
262.164967 -4.976012
262.244956 -4.359970
262.259953 -4.063921
262.339941 -4.354140
262.359947 -3.483458
262.439927 -4.301020
262.459927 -4.312681
262.544912 -4.077525
262.559787 -4.312681
262.639776 -3.590353
262.664771 -3.068821
262.744882 -3.884473
262.759880 -2.405369
262.844867 -4.004969
262.864865 -3.317605
262.939854 -4.188302
262.964850 -3.483458
263.044838 -4.063921
263.064835 -4.229761
263.139824 -3.524920
263.159824 -3.483458
263.259808 -3.400532
263.339795 -3.428390
263.439781 -3.305944
263.459778 -3.566383
263.544765 -3.497063
263.559803 -3.483458
263.659789 -3.151750
263.739777 -2.930822
263.764772 -4.146841
263.859759 -3.483458
263.939621 -2.750707
263.954621 -4.561435
264.054729 -3.341576
264.084726 -4.312681
264.169713 -3.483458
264.249702 -3.057160
264.269699 -3.732232
264.349687 -2.764960
264.369684 -2.654169
264.449672 -2.701466
264.469669 -3.234678
264.569654 -3.400532
264.649642 -2.855666
264.749630 -2.806426
264.769663 -2.571236
264.869648 -2.239499
264.969633 -2.239499
265.069619 -2.985892
265.144609 -2.142957
265.169604 -2.073627
265.269589 -2.405369
265.344453 -2.211638
265.369450 -1.244226
265.469560 -1.658935
265.549548 -2.198032
265.669530 -1.658935
265.749525 -2.211638
265.769516 -2.073627
265.869553 -2.156564
265.949546 -1.977083
265.969538 -1.658935
266.144513 -1.990690
266.169510 -2.985892
266.269494 -3.400532
266.349484 -1.700405
266.369480 -2.985892
266.469466 -2.239499
266.549454 -1.769737
266.569451 -1.824814
266.669436 -1.658935
266.769425 -2.322435
266.869406 -1.504717
266.889403 -2.571236
266.969431 -1.355032
267.069415 -1.031033
267.089412 -2.073627
267.159405 -0.801635
267.179399 -1.244226
267.279384 -0.580657
267.379370 -0.248857
267.559343 -0.469842
267.579340 -0.248857
267.759313 -0.179515
267.879296 -0.082953
267.979281 -0.331808
268.084141 -0.746553
268.164262 -0.898838
268.179256 -0.663606
268.279237 -0.580657
268.359226 -0.622131
268.379222 -0.248857
268.479213 -1.244226
268.559196 -1.078338
268.584193 -1.658935
268.679179 -0.746553
268.759172 -1.036865
268.779172 0.082954
268.879149 -0.580657
268.959178 -1.189146
269.079160 -0.829500
269.159148 -0.788027
269.284130 -0.497708
269.384115 -0.497708
269.579126 -0.788027
269.604122 -0.663606
269.679110 -0.390781
269.699108 -0.414758
269.779096 -0.497708
269.799093 -1.410111
269.879081 -0.248857
269.899078 -0.248857
269.979067 -0.290333
270.004063 -0.248857
270.079054 -0.224879
270.099049 0.580690
270.179038 -0.649997
270.199034 0.912527
270.304019 0.000000
270.379008 -0.013610
270.404004 -0.082953
270.483992 -0.011665
270.503990 0.414775
270.578978 -0.165905
270.678966 -0.058974
270.698966 0.082954
270.778949 -0.041477
270.878809 0.237197
270.898931 -0.746553
270.978919 0.718738
270.998916 0.414775
271.098902 0.663648
271.173891 0.401165
271.198887 -0.165905
271.293873 0.331819
271.378860 0.594300
271.398857 0.331819
271.498843 0.663648
271.578831 0.857436
271.598828 0.331819
271.683815 1.019469
271.698816 1.078449
271.773802 0.884657
271.798798 0.414775
271.893785 0.580690
271.998769 0.414775
272.098755 0.912527
272.183617 1.050579
272.203614 0.497732
272.288726 1.114097
272.308724 0.663648
272.388712 1.368820
272.408709 0.165908
272.488697 0.971507
272.508694 0.331819
272.588682 0.788087
272.608679 -0.082953
272.691876 0.924193
272.700811 0.829566
272.781696 1.119930
272.808597 0.912527
272.907391 0.663648
272.988226 1.313727
273.006237 1.576233
273.185869 1.465396
273.203788 0.912527
273.307076 1.161411
273.383421 1.064838
273.405876 1.161411
273.509164 0.497732
273.590046 0.871046
273.607963 0.580690
273.697780 1.042802
273.720235 0.580690
273.801070 2.018943
273.819033 1.659199
273.901365 1.742166
273.919375 0.746607
273.998670 1.036968
274.016677 1.659199
274.100499 1.753833
274.118462 1.991070
274.209776 0.995488
274.305581 0.663648
274.383469 1.770038
274.405926 1.659199
274.510709 1.493267
274.587007 1.866617
274.604971 0.912527
274.714288 1.161411
274.804105 2.143398
274.831050 1.493267
274.908891 2.192662
275.007690 2.433798
275.030144 2.903771
275.106489 2.678830
275.218766 1.493267
275.308578 1.659199
275.429829 2.488897
275.510665 2.358604
275.528676 2.488897
275.609464 2.931646
275.631918 2.074040
275.721736 2.986748
275.802570 2.848670
275.919333 1.493267
276.000222 2.074040
276.022908 1.908101
276.117981 3.069726
276.198041 2.724207
276.233068 3.567604
276.313135 2.844781
276.333144 3.318662
276.413205 2.917385
276.433224 2.405925
276.513281 2.560203
276.533296 2.405925
276.613360 2.613358
276.633374 2.571871
276.713434 2.749488
276.733450 2.322952
276.813511 3.235683
276.833526 2.571871
276.933121 2.239981
277.038105 2.322952
277.118094 3.176690
277.138090 3.650586
277.243075 3.318662
277.333061 3.069726
277.413049 3.290786
277.438046 2.074040
277.533035 4.231479
277.613020 2.626971
277.638016 3.567604
277.747875 1.825133
277.827988 2.986748
277.927975 3.318662
278.027958 3.069726
278.127944 3.152704
278.147940 2.903771
278.227929 3.484623
278.327914 3.626599
278.347911 3.733569
278.427899 3.471009
278.447904 2.737820
278.527885 3.235683
278.627871 3.083339
278.647867 2.986748
278.727855 3.141035
278.762851 2.488897
278.822841 3.318662
278.942828 3.650586
279.022687 3.650586
279.042683 3.982521
279.142794 4.065507
279.222782 3.553990
279.247778 3.567604
279.327766 3.283007
279.342764 2.820795
279.427752 3.526114
279.542734 3.816553
279.622762 3.678463
279.642762 3.152704
279.822734 4.079122
279.842729 3.982521
279.942714 3.318662
280.022702 3.609095
280.142684 3.318662
280.222673 3.636972
280.247669 3.152704
280.337656 3.946864
280.357653 3.816553
280.437516 4.300852
280.457513 3.899537
280.637650 4.051892
280.657647 3.401642
280.737635 3.745239
280.757631 2.654845
280.837620 3.650586
280.857617 3.733569
280.957602 4.148493
281.137576 4.350126
281.157573 5.061383
281.242560 4.162108
281.257558 4.231479
281.337546 4.136823
281.437531 4.217864
281.462527 3.567604
281.537517 4.302797
281.557513 3.235683
281.637503 4.010399
281.657499 3.982521
281.737487 3.911206
281.762483 4.978390
281.827348 4.120615
281.852345 4.563433
281.947456 4.978390
282.027444 4.701534
282.052440 5.227372
282.152425 5.808353
282.227414 4.397455
282.252410 4.148493
282.352398 3.899537
282.452381 3.567604
282.547367 4.551763
282.632355 5.255253
282.752337 4.954399
282.772333 3.982521
282.852322 4.646423
282.947307 4.397455
282.972346 4.895397
283.052331 4.411070
283.067331 4.646423
283.147192 4.255468
283.252302 5.033502
283.272299 5.725353
283.367284 4.397455
283.447273 5.393363
283.467270 4.148493
283.567255 4.646423
283.647243 4.203601
283.767226 3.733569
283.847213 5.116496
283.867211 4.480444
283.967241 5.393363
284.062227 4.480444
284.167211 5.061383
284.242203 4.438949
284.267196 5.227372
284.357183 4.741084
284.377180 5.144377
284.457043 4.701534
284.557028 5.097044
284.577025 5.310367
284.657139 5.019886
284.757123 4.907068
284.777121 5.061383
284.857109 4.563433
284.877106 5.061383
284.977091 5.061383
285.077076 5.642355
285.177061 6.306362
285.257049 5.323983
285.277083 5.476359
285.372112 4.812405
285.452100 4.881781
285.477098 5.061383
285.572082 4.397455
285.652071 5.476359
285.672068 4.895397
285.772053 5.559357
285.852041 5.323983
285.872038 4.978390
286.057014 4.687918
286.072008 5.559357
286.171994 5.227372
286.251982 5.393363
286.271979 5.393363
286.366966 5.369372
286.386962 5.393363
286.466950 5.172258
286.486956 4.480444
286.586932 4.978390
286.666920 5.019886
286.686918 5.476359
286.766905 5.108715
286.886888 5.476359
286.966876 5.357700
286.986873 5.642355
287.086858 5.061383
287.186843 4.563433
287.266831 4.770909
287.286703 4.978390
287.366817 4.836395
287.386817 4.646423
287.461802 5.323983
287.486798 4.231479
287.586784 4.148493
287.666772 4.826021
287.681770 4.397455
287.786755 5.974353
287.876783 4.383840
287.896780 4.563433
288.081757 4.646423
288.176738 5.322038
288.201734 5.476359
288.376708 4.646423
288.401705 5.642355
288.476732 3.899537
288.496729 3.484623
288.576717 4.385785
288.596714 4.812405
288.676577 4.425334
288.696703 4.480444
288.776688 5.500351
288.796684 5.891353
288.866677 6.015854
288.891670 5.476359
288.992019 5.144377
289.072849 4.909013
289.090813 4.314467
289.266002 4.383840
289.288456 4.563433
289.396190 5.227372
289.477026 5.448478
289.494989 5.559357
289.575824 5.903024
289.679114 5.531475
289.697077 4.978390
289.773421 4.824076
289.800367 4.480444
289.876717 4.162108
289.894721 4.314467
289.975510 4.444784
289.997964 4.397455
290.078799 4.881781
290.096809 4.314467
290.195560 5.393363
290.276443 5.406979
290.294359 5.393363
290.393158 4.978390
290.484473 4.425334
290.497944 4.314467
290.677578 4.231479
290.700033 4.646423
290.798831 5.144377
290.884157 5.130761
291.000919 6.306362
291.081755 4.992006
291.099764 4.978390
291.198517 4.480444
291.279398 4.107000
291.292824 4.314467
291.400606 5.808353
291.481486 4.369576
291.499403 5.227372
291.598202 4.978390
291.679037 4.466828
291.714964 4.729414
291.800290 4.314467
291.899088 4.065507
291.997934 4.444784
292.015850 4.729414
292.096686 4.355961
292.114649 4.646423
292.200022 5.061383
292.298774 4.328082
292.316737 4.148493
292.405713 4.480444
292.500784 4.743029
292.520799 5.144377
292.600861 4.527773
292.620875 4.314467
292.695932 4.328082
292.720951 4.148493
292.801013 4.160163
292.816024 4.065507
292.896090 4.231479
292.921104 4.314467
293.001165 4.361796
293.016177 4.480444
293.101241 4.328082
293.121256 5.310367
293.196314 4.527773
293.216329 4.895397
293.301014 4.203601
293.321011 4.314467
293.400999 3.804883
293.420996 3.982521
293.520981 3.318662
293.620966 3.567604
293.700954 4.051892
293.720951 4.065507
293.800944 4.184151
293.820937 4.729414
294.020907 4.148493
294.100895 3.719955
294.120892 3.816553
294.215753 3.650586
294.300865 3.719955
294.320862 3.733569
294.425847 3.982521
294.495836 3.471009
294.620817 3.733569
294.700806 3.747184
294.820788 2.986748
294.900776 3.166317
294.925772 3.318662
295.100746 3.124828
295.120743 3.069726
295.220728 3.484623
295.300718 3.401642
295.325713 3.650586
295.430697 3.318662
295.510560 3.000362
295.530557 3.899537
295.610672 3.318662
295.635667 3.733569
295.715655 3.083339
295.730652 2.322952
295.815639 2.702167
295.835636 2.986748
295.915624 2.834409
295.935622 3.235683
296.010616 3.141035
296.030608 3.650586
296.115595 3.166317
296.130593 3.152704
296.215580 2.951094
296.230577 2.322952
296.315565 3.028237
296.335562 2.654845
296.435547 2.737820
296.515535 2.585484
296.635517 3.069726
296.710506 2.931646
296.735503 2.903771
296.830488 2.986748
296.910351 2.945260
296.940347 2.074040
297.045456 1.742166
297.120445 2.087652
297.145447 1.991070
297.225429 2.050056
297.245426 2.157010
297.340412 2.820795
297.450396 2.571871
297.545381 2.737820
297.625369 2.239981
297.645368 1.991070
297.720356 2.350826
297.745352 1.742166
297.925325 2.405925
297.945322 1.742166
298.045307 2.571871
298.125298 2.516771
298.145293 2.239981
298.225280 2.441577
298.245152 2.405925
298.325140 2.226368
298.345137 1.493267
298.425250 2.074040
298.445247 1.908101
298.525235 2.350826
298.545234 1.493267
298.625220 2.026721
298.645217 2.488897
298.725205 2.129137
298.745202 2.571871
298.845187 2.074040
298.925180 2.212108
299.035159 1.766148
299.135144 1.327338
299.235129 1.896434
299.335114 2.184883
299.360110 1.742166
299.435099 2.109691
299.455096 1.825133
299.535086 2.226368
299.560080 1.991070
299.635070 1.706516
299.659940 1.493267
299.740055 1.534750
299.760051 1.078449
299.835090 1.683181
299.855090 1.991070
299.935078 1.714294
299.960072 1.908101
300.055058 2.074040
300.135046 1.963198
300.235031 1.410302
300.255028 1.659199
300.335016 1.202893
300.355013 1.244374
300.435001 1.398635
300.454998 1.327338
300.529987 1.506879
300.554983 1.493267
300.649969 1.244374
300.729957 1.479656
300.749954 1.161411
300.929927 0.981877
300.949924 1.078449
301.129897 1.133541
301.149894 1.244374
301.249880 1.493267
301.329867 1.355209
301.349864 1.327338
301.529837 1.078449
301.649819 0.912527
301.729807 1.036968
301.849790 0.663648
301.929777 1.119930
301.969771 1.576233
302.039761 1.351320
302.139746 1.230763
302.164745 0.663648
302.264728 0.497732
302.339716 0.857436
302.364751 0.829566
302.559765 1.327338
302.744737 0.898916
302.759736 0.829566
302.864764 1.410302
302.939753 0.884657
302.959751 0.912527
303.059735 0.746607
303.139725 0.788087
303.159721 0.912527
303.344693 0.898916
303.364698 0.912527
303.464680 0.414775
303.544663 0.774476
303.564660 0.663648
303.664648 1.078449
303.739642 0.940396
303.859492 1.007154
303.884612 0.912527
303.939604 1.161411
303.964600 1.161411
304.064585 1.244374
304.144573 1.423914
304.164570 1.576233
304.264555 0.912527
304.349542 1.189282
304.374544 1.576233
304.474525 1.659199
304.554511 1.617716
304.574509 1.742166
304.669501 1.576233
304.754483 1.355209
304.769479 1.078449
304.949499 1.355209
304.974540 1.327338
305.069525 1.576233
305.149389 1.410302
305.174385 1.161411
305.274494 1.161411
305.358464 0.954007
305.470735 0.746607
305.556016 0.663648
305.573978 0.746607
305.672823 1.410302
305.753611 1.175023
305.883846 1.244374
305.964728 0.967618
305.987182 0.995488
306.063480 0.805586
306.085934 1.078449
306.162278 1.009098
306.184733 0.912527
306.265567 1.125764
306.283531 1.078449
306.364370 1.064838
306.382331 1.327338
306.485619 1.327338
306.584417 1.244374
306.683262 0.663648
306.782015 0.746607
306.880813 1.078449
306.979612 0.912527
307.078410 1.410302
307.159245 0.871046
307.186190 1.327338
307.280498 1.078449
