north(m) east(m),
816462.8405 833864.5265,
816462.434 833868.881,
816463.396 833872.5287,
816464.358 833876.1763,
816465.32 833879.824,
816467.0545 833884.3755,
816468.789 833888.927,
816468.2815 833892.682,
816467.774 833896.437,
816467.774 833899.0755,
816467.774 833901.714,
816468.2003 833905.9813,
816468.6267 833910.2487,
816469.053 833914.516,
816469.6337 833919.277,
816470.2143 833924.038,
816470.795 833928.799,
816471.4707 833931.9244,
816472.1464 833935.0498,
816472.8409 833939.9284,
816473.5354 833944.8069,
816474.2298 833949.6855,
816474.9243 833954.564,
816475.0092 833958.0027,
816475.0941 833961.4414,
816476.375 833965.3799,
816477.6558 833969.3185,
816478.9367 833973.257,
816480.2175 833977.1955,
816480.7256 833981.4187,
816481.2336 833985.6419,
816481.7417 833989.8652,
816482.2498 833994.0884,
816482.7578 833998.3116,
816483.2659 834002.5348,
816483.9968 834006.5066,
816484.7278 834010.4785,
816485.4587 834014.4503,
816486.4825 834018.6608,
816487.5062 834022.8712,
816488.53 834027.0817,
816489.5538 834031.2922,
816490.5776 834035.5027,
816491.6013 834039.7131,
816492.6251 834043.9236,
816493.2134 834047.5567,
816493.8017 834051.1899,
816494.39 834054.823,
816494.7679 834058.5203,
816495.1459 834062.2176,
816495.5238 834065.9149,
816495.6842 834070.4929,
816495.8447 834075.0708,
816496.0051 834079.6488,
816495.8179 834084.061,
816495.6307 834088.4731,
816495.1315 834093.3363,
816494.6324 834098.1995,
816494.1332 834103.0627,
816493.7076 834106.8812,
816493.2819 834110.6997,
816492.8563 834114.5182,
816492.3026 834119.4858,
816491.7489 834124.4534,
816491.1952 834129.4209,
816490.6415 834134.3885,
816490.0877 834139.3561,
816489.534 834144.3237,
816488.9803 834149.2912,
816488.4266 834154.2588,
816487.7611 834158.4422,
816487.0956 834162.6256,
816486.43 834166.8089,
816485.7645 834170.9923,
816484.8771 834175.393,
816483.9897 834179.7937,
816483.1023 834184.1944,
816482.215 834188.5952,
816481.3276 834192.9959,
816480.4402 834197.3966,
816479.5528 834201.7973,
816478.3757 834206.3574,
816477.1985 834210.9175,
816476.0214 834215.4776,
816474.8442 834220.0376,
816473.6671 834224.5977,
816472.4899 834229.1578,
816471.3128 834233.7179,
816470.0632 834237.8307,
816468.8136 834241.9434,
816467.564 834246.0562,
816466.3145 834250.1689,
816465.0649 834254.2817,
816463.8153 834258.3944,
816462.5657 834262.5072,
816460.943 834266.6145,
816459.3204 834270.7218,
816457.6977 834274.8292,
816456.0751 834278.9365,
816454.4524 834283.0438,
816452.6219 834286.9762,
816450.7913 834290.9086,
816448.9608 834294.841,
816447.1302 834298.7734,
816445.2997 834302.7058,
816442.5742 834305.5264,
816439.8486 834308.3471,
816437.1231 834311.1677,
816434.3975 834313.9883,
816432.5316 834317.8669,
816430.6657 834321.7454,
816428.7999 834325.624,
816426.934 834329.5026,
816425.0681 834333.3811,
816423.2022 834337.2597,
816421.1974 834341.0493,
816419.1925 834344.8389,
816417.1877 834348.6285,
816414.9908 834352.6773,
816412.794 834356.726,
816410.5971 834360.7748,
816408.4002 834364.8236,
816406.2034 834368.8724,
816404.0065 834372.9211,
816401.8096 834376.9699,
816399.6127 834381.0187,
816397.4159 834385.0674,
816395.219 834389.1162,
816392.4833 834393.0596,
816389.7475 834397.0029,
816387.0118 834400.9463,
816384.2761 834404.8897,
816381.5403 834408.8331,
816378.8046 834412.7764,
816376.0689 834416.7198,
816373.3331 834420.6632,
816370.5974 834424.6066,
816367.8617 834428.5499,
816365.1259 834432.4933,
816362.3902 834436.4367,
816359.6545 834440.3801,
816356.9187 834444.3234,
816354.183 834448.2668,
816351.5808 834452.1123,
816348.9785 834455.9579,
816346.3763 834459.8034,
816343.774 834463.649,
816341.1718 834467.4945,
816338.5695 834471.3401,
816335.9673 834475.1856,
816333.365 834479.0311,
816330.7628 834482.8767,
816328.1605 834486.7222,
816325.5583 834490.5678,
816322.956 834494.4133,
816320.3538 834498.2589,
816317.7515 834502.1044,
816315.1156 834506.3095,
816312.4796 834510.5146,
816309.8437 834514.7197,
816307.2078 834518.9248,
816304.5719 834523.1299,
816301.9359 834527.335,
816299.3 834531.5401,
816296.6641 834535.7452,
816294.0281 834539.9503,
816291.3922 834544.1554,
816288.7563 834548.3605,
816286.1203 834552.5656,
816283.4844 834556.7707,
816280.8485 834560.9758,
816278.2126 834565.1809,
816275.5766 834569.386,
816272.9407 834573.5911,
816270.296 834577.6256,
816267.6514 834581.66,
816265.0067 834585.6945,
816262.3621 834589.7289,
816259.7174 834593.7634,
816257.0728 834597.7978,
816254.4281 834601.8323,
816251.7835 834605.8667,
816249.1388 834609.9012,
816246.4942 834613.9356,
816243.8495 834617.9701,
816241.2049 834622.0045,
816238.5602 834626.039,
816235.9156 834630.0734,
816233.2709 834634.1079,
816230.7589 834638.1581,
816228.2469 834642.2083,
816225.735 834646.2585,
816223.223 834650.3087,
816220.711 834654.3589,
816218.199 834658.4091,
816215.6871 834662.4593,
816213.1751 834666.5095,
816210.6631 834670.5597,
816208.1511 834674.6098,
816205.6391 834678.66,
816203.1272 834682.7102,
816200.6152 834686.7604,
816198.1032 834690.8106,
816195.5912 834694.8608,
816193.0793 834698.911,
816190.5673 834702.9612,
816188.0553 834707.0114,
816185.4933 834711.1757,
816182.9313 834715.3401,
816180.3693 834719.5044,
816177.8073 834723.6687,
816175.2452 834727.833,
816172.6832 834731.9974,
816170.1212 834736.1617,
816167.5592 834740.326,
816164.9972 834744.4903,
816162.4352 834748.6547,
816159.8732 834752.819,
816157.3112 834756.9833,
816154.7491 834761.1476,
816152.1871 834765.312,
816149.6251 834769.4763,
816147.0631 834773.6406,
816144.5011 834777.8049,
816141.9391 834781.9693,
816139.3771 834786.1336,
816136.8151 834790.2979,
816134.253 834794.4622,
816131.691 834798.6266,
816129.129 834802.7909,
816126.567 834806.9552,
816124.175 834811.3031,
816121.7831 834815.6509,
816119.3911 834819.9988,
816116.9991 834824.3466,
816114.6072 834828.6945,
816112.2152 834833.0424,
816109.8233 834837.3902,
816107.4313 834841.7381,
816105.0393 834846.0859,
816102.6474 834850.4338,
816100.2554 834854.7817,
816097.8634 834859.1295,
816095.4715 834863.4774,
816093.0795 834867.8252,
816090.6875 834872.1731,
816088.2956 834876.5209,
816085.9036 834880.8688,
816083.5117 834885.2167,
816081.1197 834889.5645,
816078.7277 834893.9124,
816076.3358 834898.2602,
816073.9438 834902.6081,
816071.9174 834907.0537,
816069.8911 834911.4993,
816067.8647 834915.9449,
816065.8384 834920.3905,
816063.812 834924.8361,
816061.7856 834929.2817,
816059.7593 834933.7273,
816057.7329 834938.1729,
816055.7066 834942.6184,
816053.6802 834947.064,
816051.6539 834951.5096,
816049.6275 834955.9552,
816047.6011 834960.4008,
816045.5748 834964.8464,
816043.5484 834969.292,
816041.5221 834973.7376,
816039.4957 834978.1832,
816037.6336 834982.7979,
816035.7716 834987.4125,
816033.9095 834992.0272,
816032.0475 834996.6418,
816030.1854 835001.2565,
816028.3234 835005.8712,
816026.4613 835010.4858,
816024.5993 835015.1005,
816022.7372 835019.7151,
816020.8752 835024.3298,
816019.0131 835028.9445,
816017.1511 835033.5591,
816015.289 835038.1738,
816013.427 835042.7884,
816011.5649 835047.4031,
816010.0767 835051.9297,
816008.5885 835056.4562,
816007.1003 835060.9828,
816005.6121 835065.5093,
816004.1238 835070.0359,
816002.6356 835074.5624,
816001.1474 835079.089,
815999.6592 835083.6155,
815998.171 835088.1421,
815996.6828 835092.6686,
815995.1946 835097.1952,
815993.7064 835101.7217,
815992.2181 835106.2483,
815990.7299 835110.7748,
815989.2417 835115.3014,
815987.7535 835119.8279,
815986.2653 835124.3545,
815985.17 835128.9906,
815984.0746 835133.6267,
815982.9793 835138.2628,
815981.884 835142.8989,
815980.7887 835147.5349,
815979.6933 835152.171,
815978.598 835156.8071,
815977.5027 835161.4432,
815976.4073 835166.0793,
815975.312 835170.7154,
815974.2167 835175.3515,
815973.1213 835179.9876,
815972.026 835184.6236,
815970.9307 835189.2597,
815969.8354 835193.8958,
815968.74 835198.5319,
815967.6447 835203.168,
815966.9253 835208.0403,
815966.2058 835212.9125,
815965.4864 835217.7848,
815964.767 835222.657,
815964.0476 835227.5293,
815963.3281 835232.4015,
815962.6087 835237.2738,
815961.8893 835242.146,
815961.1699 835247.0183,
815960.4504 835251.8905,
815959.731 835256.7628,
815959.0116 835261.6351,
815958.2921 835266.5073,
815957.5727 835271.3796,
815956.8533 835276.2518,
815956.1339 835281.1241,
815955.4144 835285.9963,
815954.695 835290.8686,
815953.9756 835295.7408,
815953.2562 835300.6131,
815952.5367 835305.4853,
815951.8173 835310.3576,
815951.3836 835314.7236,
815950.9499 835319.0896,
815950.5162 835323.4556,
815950.0824 835327.8216,
815949.6487 835332.1876,
815949.215 835336.5536,
815948.7813 835340.9196,
815948.6367 835345.7482,
815948.4922 835350.5768,
815948.3476 835355.4055,
815948.203 835360.2341,
815948.0584 835365.0627,
815947.9139 835369.8913,
815947.7693 835374.72,
815947.6247 835379.5486,
815947.4802 835384.3772,
815947.3356 835389.2058,
815947.191 835394.0344,
815947.0464 835398.8631,
815946.9019 835403.6917,
815946.7573 835408.5203,
815946.5457 835413.4091,
815946.3341 835418.2979,
815946.1225 835423.1867,
815945.9109 835428.0756,
815945.6993 835432.9644,
815945.4877 835437.8532,
815945.2761 835442.742,
815945.0645 835447.6308,
815944.8529 835452.5196,
815944.6413 835457.4084,
815944.4298 835462.2973,
815944.2182 835467.1861,
815944.0066 835472.0749,
815943.795 835476.9637,
815943.5834 835481.8525,
815943.3718 835486.7413,
815943.1602 835491.6301,
815942.9486 835496.5189,
815942.737 835501.4078,
815942.5254 835506.2966,
815942.3138 835511.1854,
815942.1022 835516.0742,
815942.1876 835520.0762,
815942.2731 835524.0782,
815942.3585 835528.0801,
815942.4439 835532.0821,
815941.9294 835536.7251,
815941.4149 835541.3681,
815940.9004 835546.0111,
815940.3859 835550.6541,
815939.8715 835555.297,
815939.357 835559.94,
815938.8425 835564.583,
815938.328 835569.226,
815937.8135 835573.869,
815937.6469 835578.8457,
815937.4803 835583.8223,
815937.3136 835588.799,
815937.147 835593.7756,
815936.9804 835598.7523,
815936.8138 835603.7289,
815936.6471 835608.7056,
815936.4805 835613.6823,
815936.3139 835618.6589,
815936.1473 835623.6356,
815935.9806 835628.6122,
815935.814 835633.5889,
815935.6474 835638.5655,
815935.4808 835643.5422,
815935.3141 835648.5189,
815935.1475 835653.4955,
815934.9809 835658.4722,
815934.8143 835663.4488,
815934.6476 835668.4255,
815934.481 835673.4021,
815934.3144 835678.3788,
815934.1478 835683.3554,
815933.9811 835688.3321,
815933.8145 835693.3088,
815933.6479 835698.2854,
815933.4813 835703.2621,
815933.3146 835708.2387,
815933.148 835713.2154,
815932.9814 835718.192,
815932.8148 835723.1687,
815932.6481 835728.1454,
815932.4815 835733.122,
815932.3149 835738.0987,
815932.1483 835743.0753,
815931.9816 835748.052,
815931.815 835753.0286,
815931.6484 835758.0053,
815931.8425 835762.6289,
815932.0365 835767.2526,
815932.2306 835771.8762,
815932.4246 835776.4999,
815932.6187 835781.1235,
815932.8128 835785.7472,
815933.0068 835790.3708,
815933.2009 835794.9945,
815933.395 835799.6181,
815933.589 835804.2418,
815933.7831 835808.8654,
815933.9771 835813.4891,
815934.1712 835818.1127,
815934.3792 835823.0692,
815934.5873 835828.0257,
815934.7953 835832.9823,
815935.0033 835837.9388,
815935.2113 835842.8953,
815935.4194 835847.8518,
815935.6274 835852.8083,
815935.8354 835857.7649,
815936.0435 835862.7214,
815936.2515 835867.6779,
815936.4595 835872.6344,
815936.6675 835877.5909,
815936.8756 835882.5475,
815937.0836 835887.504,
815937.2916 835892.4605,
815937.4997 835897.417,
815937.7077 835902.3735,
815937.9157 835907.33,
815938.1238 835912.2866,
815938.3318 835917.2431,
815938.5398 835922.1996,
815938.7478 835927.1561,
815938.9559 835932.1126,
815939.1639 835937.0692,
815939.3719 835942.0257,
815939.58 835946.9822,
815939.788 835951.9387,
815939.996 835956.8952,
815940.204 835961.8518,
815940.4121 835966.8083,
815940.6201 835971.7648,
815941.133 835976.7364,
815941.646 835981.7081,
815942.1589 835986.6797,
815942.6719 835991.6514,
815943.1848 835996.623,
815943.6978 836001.5946,
815944.2107 836006.5663,
815944.7237 836011.5379,
815945.2366 836016.5095,
815945.7495 836021.4812,
815946.2625 836026.4528,
815946.7754 836031.4245,
815947.2884 836036.3961,
815947.8013 836041.3677,
815948.3143 836046.3394,
815948.8272 836051.311,
815949.573 836056.1741,
815950.3188 836061.0371,
815951.0647 836065.9002,
815951.8105 836070.7633,
815952.5563 836075.6264,
815953.3021 836080.4894,
815954.048 836085.3525,
815954.7938 836090.2156,
815955.5396 836095.0786,
815956.2854 836099.9417,
815957.0313 836104.8048,
815957.7771 836109.6679,
815958.5229 836114.5309,
815959.2687 836119.394,
815960.0145 836124.2571,
815960.7604 836129.1202,
815961.5062 836133.9832,
815962.252 836138.8463,
815962.9978 836143.7094,
815963.7437 836148.5724,
815964.4895 836153.4355,
815965.2353 836158.2986,
815965.9811 836163.1617,
815966.727 836168.0247,
815967.4728 836172.8878,
815968.2186 836177.7509,
815968.9644 836182.6139,
815969.7103 836187.477,
815970.4561 836192.3401,
815971.2019 836197.2032,
815971.9477 836202.0662,
815972.6935 836206.9293,
815973.4394 836211.7924,
815974.1852 836216.6555,
815974.931 836221.5185,
815975.6768 836226.3816,
815976.4227 836231.2447,
815977.1685 836236.1077,
815977.9143 836240.9708,
815978.6601 836245.8339,
815979.406 836250.697,
815980.1518 836255.56,
815980.8976 836260.4231,
815981.4304 836265.0789,
815981.9633 836269.7348,
815982.4961 836274.3906,
815983.029 836279.0465,
815983.5618 836283.7023,
815984.0947 836288.3582,
815984.6275 836293.014,
815985.1604 836297.6699,
815985.6932 836302.3257,
815986.4059 836307.2317,
815987.1186 836312.1378,
815987.8314 836317.0438,
815988.5441 836321.9498,
815989.2568 836326.8559,
815989.9695 836331.7619,
815990.6823 836336.6679,
815991.395 836341.5739,
815992.1077 836346.48,
815992.8204 836351.386,
815993.5332 836356.292,
815994.2459 836361.1981,
815994.9586 836366.1041,
815995.6713 836371.0101,
815996.3841 836375.9162,
815997.0968 836380.8222,
815997.8095 836385.7282,
815998.5222 836390.6342,
815999.2349 836395.5403,
815999.9477 836400.4463,
816000.6604 836405.3523,
816001.3731 836410.2584,
816002.0858 836415.1644,
816002.7986 836420.0704,
816003.5113 836424.9765,
816004.224 836429.8825,
816004.9367 836434.7885,
816005.6495 836439.6945,
816006.3622 836444.6006,
816007.0749 836449.5066,
816007.7876 836454.4126,
816008.5003 836459.3187,
816009.2131 836464.2247,
816009.9258 836469.1307,
816010.6385 836474.0368,
816011.3512 836478.9428,
816012.064 836483.8488,
816012.7767 836488.7548,
816013.4894 836493.6609,
816014.2021 836498.5669,
816014.9149 836503.4729,
816015.6276 836508.379,
816016.3403 836513.285,
816017.053 836518.191,
816017.7658 836523.0971,
816018.4785 836528.0031,
816019.1912 836532.9091,
816019.9039 836537.8151,
816020.6166 836542.7212,
816021.3294 836547.6272,
816022.0421 836552.5332,
816022.7548 836557.4393,
816023.4675 836562.3453,
816024.1803 836567.2513,
816024.893 836572.1574,
816025.6057 836577.0634,
816026.3184 836581.9694,
816027.0312 836586.8754,
816027.7439 836591.7815,
816028.4566 836596.6875,
816029.1693 836601.5935,
816029.882 836606.4996,
816030.5948 836611.4056,
816031.3075 836616.3116,
816032.0202 836621.2177,
816032.7329 836626.1237,
816033.4457 836631.0297,
816034.1584 836635.9357,
816034.8711 836640.8418,
816035.5838 836645.7478,
816036.2966 836650.6538,
816037.0093 836655.5599,
816037.722 836660.4659,
816038.4347 836665.3719,
816039.1475 836670.278,
816039.8602 836675.184,
816040.5729 836680.09,
816041.2856 836684.996,
816041.9983 836689.9021,
816042.7111 836694.8081,
816043.4238 836699.7141,
816044.1365 836704.6202,
816044.8492 836709.5262,
816045.562 836714.4322,
816046.2747 836719.3383,
816046.9874 836724.2443,
816047.7001 836729.1503,
816048.4129 836734.0563,
816049.1256 836738.9624,
816049.8383 836743.8684,
816050.7853 836748.6384,
816051.7323 836753.4083,
816052.6793 836758.1783,
816053.6262 836762.9483,
816054.5732 836767.7182,
816055.5202 836772.4882,
816056.4672 836777.2582,
816057.4142 836782.0281,
816058.3612 836786.7981,
816059.3081 836791.5681,
816060.2551 836796.338,
816061.2021 836801.108,
816062.1491 836805.878,
816063.0961 836810.6479,
816064.0431 836815.4179,
816064.99 836820.1879,
816065.937 836824.9578,
816066.884 836829.7278,
816068.2511 836834.478,
816069.6182 836839.2283,
816070.9854 836843.9785,
816072.3525 836848.7287,
816073.7196 836853.479,
816075.0867 836858.2292,
816076.4539 836862.9795,
816077.821 836867.7297,
816079.1881 836872.4799,
816080.5552 836877.2302,
816081.9223 836881.9804,
816083.2895 836886.7306,
816084.6566 836891.4809,
816086.0237 836896.2311,
816087.5084 836900.8716,
816088.9931 836905.5121,
816090.4778 836910.1527,
816091.9625 836914.7932,
816093.4472 836919.4337,
816094.9319 836924.0742,
816096.4166 836928.7147,
816097.9013 836933.3553,
816099.386 836937.9958,
816100.8706 836942.6363,
816102.3553 836947.2768,
816103.84 836951.9174,
816105.3247 836956.5579,
816106.8094 836961.1984,
816108.2941 836965.8389,
816109.7788 836970.4794,
816111.2635 836975.12,
816112.7482 836979.7605,
816114.2329 836984.401,
816116.2784 836988.8455,
816118.3239 836993.29,
816120.3693 836997.7345,
816122.4148 837002.179,
816124.4603 837006.6234,
816126.5058 837011.0679,
816128.5512 837015.5124,
816130.5967 837019.9569,
816132.6422 837024.4014,
816134.6877 837028.8459,
816136.7331 837033.2904,
816138.7786 837037.7349,
816140.8241 837042.1793,
816142.8696 837046.6238,
816144.915 837051.0683,
816146.9605 837055.5128,
816149.006 837059.9573,
816151.0515 837064.4018,
816153.0969 837068.8463,
816155.1424 837073.2908,
816157.1879 837077.7352,
816159.2334 837082.1797,
816161.2788 837086.6242,
816163.3243 837091.0687,
816165.3698 837095.5132,
816167.8676 837099.7128,
816170.3655 837103.9125,
816172.8633 837108.1121,
816175.3611 837112.3118,
816177.8589 837116.5114,
816180.3568 837120.7111,
816182.8546 837124.9107,
816185.3524 837129.1104,
816187.8502 837133.31,
816190.3481 837137.5097,
816192.8459 837141.7093,
816195.3437 837145.909,
816197.8415 837150.1086,
816200.3394 837154.3083,
816202.8372 837158.5079,
816205.335 837162.7076,
816207.8328 837166.9072,
816210.3307 837171.1069,
816212.8285 837175.3065,
816215.3263 837179.5062,
816217.8241 837183.7058,
816220.322 837187.9055,
816222.8198 837192.1051,
816225.5555 837196.0433,
816228.2912 837199.9816,
816231.027 837203.9198,
816233.7627 837207.858,
816236.4984 837211.7962,
816239.2341 837215.7345,
816241.9698 837219.6727,
816244.7056 837223.6109,
816247.4413 837227.5492,
816250.177 837231.4874,
816252.9127 837235.4256,
816255.6484 837239.3638,
816258.3841 837243.3021,
816261.1199 837247.2403,
816263.8556 837251.1785,
816266.5913 837255.1168,
816269.327 837259.055,
816272.0627 837262.9932,
816274.7985 837266.9314,
816277.5342 837270.8697,
816280.2699 837274.8079,
816283.558 837278.4643,
816286.8461 837282.1207,
816290.1343 837285.7771,
816293.4224 837289.4335,
816296.7105 837293.0899,
816299.9986 837296.7463,
816303.2867 837300.4026,
816306.5749 837304.059,
816309.863 837307.7154,
816313.1511 837311.3718,
816316.4392 837315.0282,
816319.7274 837318.6846,
816323.0155 837322.341,
816326.3036 837325.9974,
816329.5917 837329.6538,
816332.8798 837333.3102,
816336.168 837336.9666,
816339.4561 837340.623,
816342.7442 837344.2793,
816346.0323 837347.9357,
816349.3204 837351.5921,
816352.6086 837355.2485,
816355.8967 837358.9049,
816359.1848 837362.5613,
816362.5518 837365.9283,
816365.9189 837369.2954,
816369.2859 837372.6624,
816372.653 837376.0295,
816376.02 837379.3965,
816379.387 837382.7635,
816382.7541 837386.1306,
816386.1211 837389.4976,
816389.4882 837392.8647,
816392.8552 837396.2317,
816396.2222 837399.5987,
816399.5893 837402.9658,
816402.9563 837406.3328,
816406.3234 837409.6999,
816409.6904 837413.0669,
816413.4099 837416.33,
816417.1293 837419.5931,
816420.8488 837422.8562,
816424.5682 837426.1192,
816428.2877 837429.3823,
816432.0072 837432.6454,
816435.7266 837435.9085,
816439.4461 837439.1716,
816443.1655 837442.4347,
816446.885 837445.6977,
816450.6044 837448.9608,
816454.3239 837452.2239,
816458.0434 837455.487,
816461.7628 837458.7501,
816465.4823 837462.0132,
816469.2017 837465.2762,
816472.9212 837468.5393,
816476.6407 837471.8024,
816480.3601 837475.0655,
816484.0796 837478.3286,
816487.799 837481.5917,
816491.5185 837484.8548,
816495.238 837488.1178,
816498.9574 837491.3809,
816502.6769 837494.644,
816506.3963 837497.9071,
816510.1158 837501.1702,
816513.8353 837504.4333,
816517.5547 837507.6963,
816521.2742 837510.9594,
816524.9936 837514.2225,
816528.7131 837517.4856,
816532.4325 837520.7487,
816536.152 837524.0118,
816539.8715 837527.2749,
816543.5909 837530.5379,
816547.3104 837533.801,
816551.0298 837537.0641,
816554.7493 837540.3272,
816558.4688 837543.5903,
816562.1882 837546.8534,
816565.9077 837550.1164,
816569.6271 837553.3795,
816573.3466 837556.6426,
816577.0661 837559.9057,
816580.7855 837563.1688,
816584.505 837566.4319,
816588.2244 837569.6949,
816591.9439 837572.958,
816595.6634 837576.2211,
816599.3828 837579.4842,
816603.1023 837582.7473,
816606.8217 837586.0104,
816610.5412 837589.2735,
816614.2606 837592.5365,
816617.9801 837595.7996,
816621.6996 837599.0627,
816625.419 837602.3258,
816629.1385 837605.5889,
816632.8579 837608.852,
816636.5774 837612.115,
816640.2969 837615.3781,
816644.0163 837618.6412,
816647.7358 837621.9043,
816651.4552 837625.1674,
816655.1747 837628.4305,
816658.8942 837631.6936,
816662.6136 837634.9566,
816666.3331 837638.2197,
816670.0525 837641.4828,
816673.772 837644.7459,
816677.4915 837648.009,
816681.2109 837651.2721,
816684.9304 837654.5351,
816688.6498 837657.7982,
816692.3693 837661.0613,
816696.0887 837664.3244,
816699.8082 837667.5875,
816703.5277 837670.8506,
816707.2471 837674.1136,
816710.9666 837677.3767,
816714.686 837680.6398,
816718.4055 837683.9029,
816721.8619 837687.4651,
816725.3183 837691.0272,
816728.7747 837694.5894,
816732.2311 837698.1516,
816735.6875 837701.7137,
816739.1439 837705.2759,
816742.6003 837708.8381,
816746.0567 837712.4002,
816749.5131 837715.9624,
816752.9695 837719.5246,
816756.4259 837723.0867,
816759.8823 837726.6489,
816763.3387 837730.2111,
816766.7951 837733.7732,
816770.2515 837737.3354,
816773.7079 837740.8976,
816777.1643 837744.4597,
816780.6207 837748.0219,
816784.0771 837751.5841,
816787.5335 837755.1462,
816790.99 837758.7084,
816794.4464 837762.2705,
816797.9028 837765.8327,
816801.3592 837769.3949,
816804.8156 837772.957,
816808.272 837776.5192,
816811.7284 837780.0814,
816815.1848 837783.6435,
816818.6412 837787.2057,
816822.0976 837790.7679,
816825.554 837794.33,
816829.0104 837797.8922,
816832.4668 837801.4544,
816835.9232 837805.0165,
816839.3796 837808.5787,
816842.836 837812.1409,
816846.2924 837815.703,
816849.7488 837819.2652,
816853.2052 837822.8274,
816856.6616 837826.3895,
816860.118 837829.9517,
816863.5101 837833.4476,
816866.9021 837836.9434,
816870.2942 837840.4393,
816873.6862 837843.9351,
816877.0783 837847.431,
816880.4704 837850.9269,
816883.8624 837854.4227,
816887.2545 837857.9186,
816890.6465 837861.4144,
816894.0386 837864.9103,
816897.3751 837868.3489,
816900.7116 837871.7875,
816904.0481 837875.2262,
816907.3845 837878.6648,
816910.721 837882.1034,
816914.0575 837885.542,
816917.394 837888.9806,
816920.7305 837892.4193,
816924.067 837895.8579,
816927.4035 837899.2965,
816930.7399 837902.7351,
816934.0764 837906.1737,
816937.4129 837909.6124,
816940.7494 837913.051,
816944.0859 837916.4896,
816947.4224 837919.9282,
816950.7588 837923.3668,
816954.0953 837926.8055,
816957.4318 837930.2441,
816960.7683 837933.6827,
816964.0509 837937.2724,
816967.3334 837940.8621,
816970.616 837944.4518,
816973.8986 837948.0415,
816977.1811 837951.6312,
816980.4637 837955.221,
816983.7463 837958.8107,
816987.0288 837962.4004,
816990.3114 837965.9901,
816993.594 837969.5798,
816996.8765 837973.1695,
817000.1591 837976.7592,
817003.1727 837980.6866,
817006.1862 837984.6141,
817009.1998 837988.5415,
817012.2133 837992.4689,
817015.2269 837996.3963,
817018.2404 838000.3238,
817021.254 838004.2512,
817024.2675 838008.1786,
817027.2811 838012.106,
817030.2946 838016.0335,
817033.3082 838019.9609,
817036.3218 838023.8883,
817039.3353 838027.8158,
817042.3489 838031.7432,
817045.3624 838035.6706,
817048.376 838039.598,
817051.3895 838043.5255,
817054.4031 838047.4529,
817057.4166 838051.3803,
817060.4302 838055.3077,
817063.4437 838059.2352,
817066.4573 838063.1626,
817068.709 838066.9794,
817070.9606 838070.7962,
817073.2123 838074.613,
817075.4639 838078.4298,
817077.7156 838082.2466,
817079.9672 838086.0634,
817082.1966 838090.4805,
817084.426 838094.8976,
817086.6554 838099.3147,
817088.8848 838103.7318,
817091.1141 838108.149,
817093.3435 838112.5661,
817095.5729 838116.9832,
817097.8023 838121.4003,
817100.0317 838125.8174,
817101.5395 838130.5651,
817103.0472 838135.3128,
817104.555 838140.0605,
817106.0628 838144.8082,
817107.5705 838149.5558,
817109.0783 838154.3035,
817110.5861 838159.0512,
817112.0938 838163.7989,
817113.6016 838168.5466,
817114.9687 838172.8515,
817116.3359 838177.1563,
817117.703 838181.4612,
817118.8643 838186.1967,
817120.0255 838190.9322,
817121.1868 838195.6678,
817122.348 838200.4033,
817123.5093 838205.1388,
817124.6706 838209.8743,
817125.8318 838214.6098,
817126.9931 838219.3454,
817128.1543 838224.0809,
817129.3156 838228.8164,
817130.4769 838233.5519,
817131.6381 838238.2874,
817132.7994 838243.023,
817133.9606 838247.7585,
817135.1219 838252.494,
817137.2573 838255.386,
817139.3925 838258.2781,
817141.5278 838261.1701,
817143.0069 838265.6347,
817144.486 838270.0993,
817145.9651 838274.5638,
817147.4442 838279.0284,
817148.9233 838283.493,
817150.4024 838287.9576,
817151.8815 838292.4221,
817153.3606 838296.8867,
817154.8397 838301.3513,
817156.3188 838305.8159,
817157.7979 838310.2804,
817159.277 838314.745,
817160.7662 838319.3198,
817162.2554 838323.8946,
817163.7447 838328.4693,
817165.2339 838333.0441,
817166.7231 838337.6189,
817168.2123 838342.1937,
817169.7016 838346.7684,
817171.1908 838351.3432,
817172.68 838355.918,
817174.1692 838360.4928,
817175.6584 838365.0676,
817177.1477 838369.6423,
817178.6369 838374.2171,
817180.1261 838378.7919,
817181.6153 838383.3667,
817183.1046 838387.9414,
817184.5938 838392.5162,
817186.083 838397.091,
817186.8035 838400.0775,
817187.524 838403.064,
817188.184 838406.867,
817188.844 838410.67,
817189.124 838413.714,
817189.404 838416.758,
817189.459 838419.856,
817189.514 838422.954,
817189.234 838426.8105,
817188.954 838430.667,
817188.459 838434.0245,
817187.964 838437.382,
817187.194 838440.888,
817186.424 838444.394,
817185.5335 838447.1205,
817184.643 838449.847,
817184.643 838449.847,
817183.3498 838453.0557,
817183.4526 838455.7649,
817183.5553 838458.474,
817181.1915 838462.5089,
817178.8276 838466.5437,
817178.8276 838466.5437,
817176.6289 838470.2966,
817174.6025 838472.4874,
817172.576 838474.6782,
817172.576 838474.6782,
817169.096 838478.1736,
817169.096 838478.1736,
817165.8812 838481.4026,
817165.8812 838481.4026,
817163.862 838482.8695,
817163.862 838482.8695,
817161.288 838485.502,
817157.802 838487.4695,
817154.316 838489.437,
817151.212 838490.6963,
817148.108 838491.9557,
817145.004 838493.215,
817140.413 838494.774,
817135.822 838496.333,
817132.608 838497.2627,
817129.394 838498.1923,
