north(m) east(m),
821268.5785 833016.4207,
821270.5785 833011.8564,
821272.5784 833007.2921,
821274.5784 833002.7278,
821276.5784 832998.1635,
821278.5783 832993.5992,
821280.5783 832989.0349,
821283.0814 832985.1971,
821285.5846 832981.3592,
821288.0877 832977.5214,
821289.625 832973.2085,
821291.1623 832968.8956,
821292.6996 832964.5826,
821294.2369 832960.2697,
821295.7741 832955.9568,
821297.3114 832951.6439,
821298.8487 832947.3309,
821300.386 832943.018,
821301.4444 832940.7429,
821302.5028 832938.4677,
821303.7503 832935.0208,
821304.9978 832931.5738,
821306.4035 832927.6857,
821307.8092 832923.7976,
821309.2149 832919.9095,
821310.6206 832916.0214,
821312.0263 832912.1333,
821312.0263 832912.1333,
821313.0258 832909.3687,
821314.8642 832904.8437,
821316.7027 832900.3187,
821318.5411 832895.7938,
821320.3795 832891.2688,
821322.218 832886.7438,
821324.0564 832882.2188,
821325.8948 832877.6938,
821327.7332 832873.1689,
821329.5717 832868.6439,
821331.4101 832864.1189,
821333.0682 832860.0379,
821334.7262 832855.9569,
821336.3843 832851.8759,
821338.0423 832847.7949,
821339.7004 832843.7139,
821341.3584 832839.6329,
821343.0165 832835.5519,
821344.7449 832831.0077,
821346.4732 832826.4635,
821347.8856 832822.75,
821349.298 832819.0365,
821351.5596 832813.247,
821353.1148 832809.3144,
821354.6701 832805.3818,
821354.6701 832805.3818,
821356.2223 832801.457,
821357.9107 832797.1879,
821359.599 832792.9187,
821361.4328 832788.3981,
821363.2666 832783.8776,
821365.1003 832779.357,
821366.9341 832774.8365,
821368.7679 832770.3159,
821370.7415 832766.2371,
821372.7151 832762.1584,
821374.6887 832758.0796,
821376.6623 832754.0009,
821378.6359 832749.9221,
821380.445 832746.3509,
821382.2541 832742.7796,
821384.0632 832739.2084,
821385.8723 832735.6371,
821385.8723 832735.6371,
821387.6912 832732.1978,
821389.9202 832727.9831,
821392.1492 832723.7683,
821394.3781 832719.5536,
821396.6071 832715.3388,
821398.5414 832711.1327,
821400.4756 832706.9266,
821402.4099 832702.7205,
821404.0729 832698.9391,
821405.7359 832695.1577,
821407.399 832691.3762,
821409.062 832687.5948,
821410.725 832683.8134,
821412.3735 832679.4105,
821414.022 832675.0077,
821415.6705 832670.6048,
821416.5706 832666.4975,
821417.4707 832662.3903,
821418.3707 832658.283,
821419.2708 832654.1757,
821421.1401 832649.6995,
821423.0094 832645.2234,
821424.8786 832640.7472,
821426.7479 832636.2711,
821428.6172 832631.7949,
821431.5919 832624.6716,
821433.4738 832620.1653,
821435.3556 832615.6589,
821437.2375 832611.1525,
821439.1194 832606.6461,
821441.0013 832602.1398,
821442.8831 832597.6334,
821444.765 832593.127,
821446.6469 832588.6206,
821448.5288 832584.1143,
821450.4106 832579.6079,
821452.2925 832575.1015,
821454.1744 832570.5951,
821456.0563 832566.0888,
821457.9381 832561.5824,
821459.82 832557.076,
821461.7019 832552.5696,
821463.5838 832548.0633,
821465.4656 832543.5569,
821467.3475 832539.0505,
821469.2294 832534.5441,
821471.1113 832530.0378,
821472.9931 832525.5314,
821474.875 832521.025,
821476.917 832516.4692,
821478.959 832511.9134,
821481.001 832507.3576,
821483.043 832502.8018,
821485.085 832498.246,
821487.0297 832494.6724,
821488.9745 832491.0987,
821490.9192 832487.5251,
821492.864 832483.9514,
821494.8087 832480.3778,
821496.6781 832476.826,
821498.5475 832473.2742,
821500.4169 832469.7224,
821502.0993 832466.6379,
821503.7818 832463.5535,
821505.4642 832460.469,
821507.6538 832457.2316,
821509.8434 832453.9943,
821512.0329 832450.7569,
821514.2225 832447.5195,
821517.4184 832445.1483,
821520.6143 832442.7771,
821522.3969 832438.2832,
821524.1795 832433.7893,
821525.9621 832429.2954,
821527.7448 832424.8016,
821529.5274 832420.3077,
821531.31 832415.8138,
821533.0926 832411.3199,
821534.4191 832408.0774,
821535.7455 832404.8349,
821536.8622 832402.1224,
821537.9789 832399.4098,
821539.7997 832394.8683,
821541.6204 832390.3267,
821543.4412 832385.7852,
821545.2619 832381.2437,
821547.0827 832376.7022,
821548.9035 832372.1606,
821550.7242 832367.6191,
821552.545 832363.0776,
821554.3657 832358.536,
821556.1865 832353.9945,
821558.177 832349.4146,
821560.061 832345.0802,
821561.945 832340.7458,
821563.829 832336.4114,
821565.713 832332.0769,
821567.597 832327.7425,
821569.481 832323.4081,
821571.365 832319.0737,
821573.249 832314.7393,
821575.133 832310.4049,
821577.017 832306.0705,
821578.901 832301.7361,
821580.785 832297.4016,
821582.669 832293.0672,
821584.553 832288.7328,
821586.437 832284.3984,
821588.321 832280.064,
821590.4688 832275.1232,
821592.175 832271.1979,
821593.8813 832267.2727,
821595.5875 832263.3475,
821597.2938 832259.4222,
821599 832255.497,
821600.992 832250.9147,
821602.984 832246.3323,
821604.976 832241.75,
821606.968 832237.1677,
821608.96 832232.5853,
821610.952 832228.003,
821612.944 832223.4207,
821614.936 832218.8383,
821616.928 832214.256,
821618.92 832209.6737,
821620.912 832205.0913,
821622.904 832200.509,
821624.896 832195.9267,
821626.888 832191.3443,
821628.88 832186.762,
821630.6516 832182.2805,
821632.4233 832177.799,
821634.1949 832173.3175,
821635.9665 832168.836,
821637.7381 832164.3545,
821639.5098 832159.873,
821641.2814 832155.3915,
821643.053 832150.91,
821644.951 832146.7523,
821646.849 832142.5945,
821648.747 832138.4368,
821650.645 832134.279,
821652.543 832130.1213,
821654.441 832125.9635,
821656.339 832121.8058,
821658.237 832117.648,
821660.2866 832113.3555,
821662.3362 832109.063,
821664.3858 832104.7705,
821666.4353 832100.478,
821668.4849 832096.1855,
821670.5345 832091.893,
821672.5841 832087.6005,
821674.6337 832083.308,
821676.6833 832079.0155,
821678.7328 832074.723,
821680.7824 832070.4305,
821682.832 832066.138,
821685.2102 832062.0818,
821687.5885 832058.0255,
821689.9667 832053.9693,
821692.3449 832049.9131,
821694.7232 832045.8568,
821697.1014 832041.8006,
821699.4796 832037.7444,
821701.8578 832033.6882,
821704.2361 832029.6319,
821706.6143 832025.5757,
821708.9925 832021.5195,
821711.3708 832017.4632,
821713.749 832013.407,
821716.3481 832009.1604,
821718.9472 832004.9138,
821721.5462 832000.6672,
821724.1453 831996.4205,
821726.7444 831992.1739,
821729.3435 831987.9273,
821731.9425 831983.6807,
821734.5416 831979.4341,
821737.1407 831975.1875,
821739.7398 831970.9408,
821742.3388 831966.6942,
821744.9379 831962.4476,
821747.537 831958.201,
821750.2693 831954.7155,
821753.0017 831951.23,
821755.734 831947.7445,
821758.4663 831944.259,
821761.1987 831940.7735,
821763.931 831937.288,
821767.096 831933.6381,
821770.261 831929.9883,
821773.426 831926.3384,
821776.591 831922.6886,
821779.756 831919.0387,
821782.921 831915.3889,
821786.086 831911.739,
821788.2287 831909.172,
821790.3714 831906.6051,
821792.5141 831904.0381,
821794.6711 831901.4541,
821796.828 831898.87,
821796.828 831898.87,
821798.6594 831896.6903,
821801.2773 831893.5745,
821803.8952 831890.4587,
821806.5131 831887.3428,
821809.131 831884.227,
821812.3982 831880.6503,
821815.6653 831877.0735,
821818.9506 831873.4769,
821822.2359 831869.8803,
821825.5212 831866.2838,
821828.8064 831862.6872,
821832.0917 831859.0906,
821835.377 831855.494,
821838.5347 831852.2429,
821841.6924 831848.9918,
821844.8501 831845.7407,
821848.0078 831842.4896,
821851.1655 831839.2385,
821854.3232 831835.9874,
821857.4809 831832.7363,
821860.6386 831829.4852,
821863.7963 831826.2341,
821866.954 831822.983,
821870.372 831819.656,
821873.79 831816.329,
821877.208 831813.002,
821880.626 831809.675,
821884.044 831806.348,
821887.462 831803.021,
821890.88 831799.694,
821893.424 831797.222,
821895.968 831794.75,
821898.512 831792.278,
821902.2144 831789.1648,
821905.9168 831786.0516,
821909.6192 831782.9384,
821913.3216 831779.8252,
821917.024 831776.712,
821920.8495 831773.7214,
821924.675 831770.7308,
821928.5006 831767.7402,
821932.3261 831764.7496,
821936.1516 831761.759,
821939.3138 831759.4042,
821942.4761 831757.0494,
821945.6383 831754.6945,
821948.8005 831752.3397,
821951.402 831750.0073,
821954.0036 831747.6748,
821956.6051 831745.3424,
821958.0853 831742.7858,
821959.5654 831740.2291,
821963.7447 831737.573,
821967.924 831734.9169,
821972.1033 831732.2608,
821976.2826 831729.6047,
821980.4619 831726.9486,
821984.6412 831724.2926,
821988.8205 831721.6365,
821992.9998 831718.9804,
821997.1791 831716.3243,
822001.3584 831713.6682,
822005.5377 831711.0121,
822009.717 831708.356,
822013.6182 831706.0231,
822017.5194 831703.6902,
822021.4207 831701.3573,
822025.3219 831699.0244,
822029.2231 831696.6916,
822033.1243 831694.3587,
822037.0256 831692.0258,
822040.9268 831689.6929,
822044.828 831687.36,
822044.828 831687.36,
822047.7838 831685.6024,
822051.1212 831683.6179,
822054.4586 831681.6335,
822057.796 831679.649,
822062.1707 831677.2605,
822066.5453 831674.872,
822070.92 831672.4835,
822075.2947 831670.095,
822079.6693 831667.7065,
822084.044 831665.318,
822087.8832 831663.1552,
822091.7223 831660.9923,
822095.5615 831658.8295,
822099.4007 831656.6667,
822103.2398 831654.5038,
822107.079 831652.341,
822111.4771 831650.2397,
822115.8753 831648.1384,
822120.2734 831646.0371,
822124.6716 831643.9359,
822129.0697 831641.8346,
822133.4679 831639.7333,
822137.866 831637.632,
822142.3845 831635.6887,
822146.9029 831633.7454,
822151.4214 831631.8021,
822155.9398 831629.8588,
822160.4583 831627.9156,
822164.9767 831625.9723,
822169.4952 831624.029,
822174.0136 831622.0857,
822178.5321 831620.1424,
822183.0505 831618.1991,
822187.434 831616.3,
822191.8175 831614.401,
822196.201 831612.5019,
822200.5845 831610.6028,
822204.9406 831608.5415,
822209.2967 831606.4801,
822213.6528 831604.4188,
822218.0088 831602.3574,
822222.3649 831600.2961,
822226.721 831598.2347,
822230.407 831596.4379,
822234.093 831594.6411,
822237.7789 831592.8442,
822241.4649 831591.0474,
822245.1509 831589.2506,
822245.1509 831589.2506,
822249.4302 831587.1646,
822252.8815 831585.5379,
822256.3328 831583.9111,
822259.7841 831582.2844,
822263.5691 831580.5004,
822267.354 831578.7164,
822271.464 831577.0611,
822275.5739 831575.4057,
822278.3709 831573.8074,
822281.1679 831572.2091,
822281.1679 831572.2091,
822283.9079 831569.6974,
822283.9079 831569.6974,
822284.9061 831566.7281,
822289.4567 831564.8543,
822294.0073 831562.9806,
822298.5579 831561.1068,
822303.1085 831559.2331,
822307.6591 831557.3593,
822312.2097 831555.4855,
822316.7602 831553.6118,
822321.3108 831551.738,
822325.8614 831549.8643,
822330.412 831547.9905,
822334.9626 831546.1167,
822339.5132 831544.243,
822344.0638 831542.3692,
822348.6144 831540.4955,
822353.165 831538.6217,
822357.7156 831536.7479,
822362.2662 831534.8742,
822366.8168 831533.0004,
822371.3673 831531.1267,
822375.9179 831529.2529,
822380.4685 831527.3792,
822385.0191 831525.5054,
822389.5697 831523.6316,
822394.1203 831521.7579,
822398.6709 831519.8841,
822403.2215 831518.0104,
822407.7721 831516.1366,
822412.3227 831514.2628,
822416.8733 831512.3891,
822421.4239 831510.5153,
822425.9744 831508.6416,
822430.525 831506.7678,
822435.0756 831504.894,
822439.6262 831503.0203,
822444.1768 831501.1465,
822448.7274 831499.2728,
822453.278 831497.399,
822457.459 831495.3138,
822461.64 831493.2285,
822465.821 831491.1433,
822470.002 831489.058,
822471.7337 831488.2165,
822474.653 831486.798,
822478.862 831484.1218,
822483.071 831481.4456,
822487.28 831478.7694,
822491.489 831476.0932,
822495.698 831473.417,
822499.7965 831470.8225,
822503.895 831468.228,
822507.9935 831465.6335,
822512.092 831463.039,
822512.4238 831462.8319,
822516.0089 831460.5934,
822517.073 831459.929,
822520.954 831457.479,
822524.65 831454.3017,
822528.346 831451.1243,
822532.0421 831447.947,
822535.7381 831444.7696,
822539.4341 831441.5923,
822543.1301 831438.4149,
822546.8262 831435.2376,
822550.5222 831432.0602,
822554.2182 831428.8829,
822556.8616 831426.6096,
822559.5049 831424.3363,
822562.1483 831422.063,
822562.1483 831422.063,
822564.8256 831419.6219,
822564.8256 831419.6219,
822567.5408 831417.1463,
822570.9032 831413.5619,
822574.2656 831409.9775,
822577.6279 831406.393,
822580.9903 831402.8086,
822584.3527 831399.2242,
822587.723 831395.616,
822591.0933 831392.0078,
822594.4636 831388.3996,
822597.8339 831384.7914,
822601.2042 831381.1831,
822604.5745 831377.5749,
822607.9448 831373.9667,
822611.3151 831370.3585,
822614.245 831366.643,
822617.1749 831362.9276,
822620.1049 831359.2121,
822623.0348 831355.4966,
822625.9647 831351.7812,
822628.8946 831348.0657,
822631.8246 831344.3503,
822634.7545 831340.6348,
822637.6844 831336.9193,
822640.6143 831333.2039,
822643.5442 831329.4884,
822646.4742 831325.7729,
822649.4041 831322.0575,
822652.334 831318.342,
822654.7046 831315.006,
822657.0752 831311.67,
822659.4458 831308.334,
822661.8164 831304.998,
822664.187 831301.662,
822666.4274 831297.3118,
822668.6679 831292.9616,
822670.9083 831288.6113,
822673.1488 831284.2611,
822675.3892 831279.9109,
822677.6297 831275.5607,
822679.8701 831271.2104,
822682.1106 831266.8602,
822684.351 831262.51,
822686.4003 831258.3894,
822688.4495 831254.2688,
822690.4988 831250.1481,
822692.548 831246.0275,
822694.5973 831241.9069,
822696.6465 831237.7863,
822698.6958 831233.6656,
822700.745 831229.545,
822702.5179 831225.1046,
822704.2908 831220.6643,
822706.0636 831216.2239,
822707.8365 831211.7835,
822709.6094 831207.3431,
822711.3823 831202.9028,
822713.1551 831198.4624,
822714.928 831194.022,
822716.7704 831189.8503,
822718.6127 831185.6786,
822720.4551 831181.5069,
822722.2974 831177.3352,
822724.1398 831173.1635,
822725.9821 831168.9917,
822727.8245 831164.82,
822729.6668 831160.6483,
822731.5092 831156.4766,
822733.3515 831152.3049,
822735.6524 831148.2295,
822737.9532 831144.1542,
822740.2541 831140.0788,
822742.5549 831136.0034,
822744.8558 831131.9281,
822747.1566 831127.8527,
822749.4575 831123.7773,
822751.7583 831119.702,
822754.0592 831115.6266,
822756.36 831111.5512,
822758.6609 831107.4759,
822760.9617 831103.4005,
822763.2626 831099.3251,
822765.5634 831095.2498,
822767.8643 831091.1744,
822770.7108 831087.1893,
822773.5573 831083.2042,
822776.4038 831079.2191,
822778.8207 831075.8355,
822781.2376 831072.4518,
822783.6545 831069.0682,
822786.5026 831066.1682,
822789.3508 831063.2681,
822792.1989 831060.3681,
822795.047 831057.468,
822798.0925 831053.6773,
822801.138 831049.8865,
822804.1835 831046.0958,
822807.229 831042.305,
822810.0764 831038.9014,
822812.9237 831035.4978,
822815.7711 831032.0941,
822818.6184 831028.6905,
822821.8266 831025.3069,
822825.0347 831021.9233,
822828.2429 831018.5397,
822831.451 831015.1561,
822834.6592 831011.7724,
822837.8673 831008.3888,
822841.0755 831005.0052,
822844.2836 831001.6216,
822847.4918 830998.238,
822851.2213 830995.1852,
822854.9508 830992.1325,
822858.6803 830989.0797,
822862.4097 830986.0269,
822866.1392 830982.9742,
822869.8687 830979.9214,
822873.5982 830976.8686,
822877.3277 830973.8159,
822881.0572 830970.7631,
822884.7867 830967.7103,
822888.5162 830964.6576,
822892.2456 830961.6048,
822895.9751 830958.552,
822899.7046 830955.4993,
822903.4341 830952.4465,
822907.3817 830949.5705,
822911.3292 830946.6944,
822915.2768 830943.8184,
822919.2243 830940.9423,
822923.435 830938.3482,
822927.6457 830935.7541,
822931.8565 830933.16,
822936.0672 830930.5659,
822940.2779 830927.9718,
822944.4886 830925.3777,
822948.2106 830923.3475,
822951.9325 830921.3174,
822955.6545 830919.2872,
822959.3764 830917.257,
822963.0402 830915.1442,
822966.7039 830913.0313,
822970.3677 830910.9185,
822974.0315 830908.8057,
822977.6952 830906.6928,
822981.359 830904.58,
822985.0555 830902.4483,
822988.752 830900.3166,
822992.4484 830898.1848,
822996.1449 830896.0531,
823000.0361 830894.3613,
823003.9272 830892.6695,
823007.8184 830890.9777,
823011.7095 830889.2859,
823015.6263 830887.4735,
823019.5431 830885.6611,
823023.4598 830883.8486,
823027.3766 830882.0362,
823031.2308 830881.6173,
823035.0849 830881.1984,
823038.4922 830880.4164,
823041.8994 830879.6344,
823045.3067 830878.8524,
823049.1608 830877.847,
823053.015 830876.8415,
823056.8691 830875.8361,
823061.0584 830874.9145,
823065.2477 830873.9928,
823068.9176 830873.004,
823072.5875 830872.0153,
823076.2573 830871.0265,
823079.9272 830870.0377,
823084.3427 830868.8481,
823088.7581 830867.6584,
823093.1736 830866.4688,
823097.589 830865.2791,
823102.1469 830864.5083,
823106.7049 830863.7374,
823111.2628 830862.9666,
823115.8208 830862.1957,
823120.3787 830861.4249,
823124.514 830860.9799,
823128.6493 830860.5349,
823132.7846 830860.0898,
823136.9199 830859.6448,
823141.0552 830859.1998,
823145.7062 830858.4601,
823150.3572 830857.7205,
823155.0082 830856.9808,
823159.6592 830856.2411,
823164.3102 830855.5015,
823168.9612 830854.7618,
823173.8981 830854.4989,
823178.8349 830854.2361,
823183.7718 830853.9732,
823188.7086 830853.7104,
823193.6455 830853.4475,
823198.5823 830853.1847,
823203.5192 830852.9218,
823208.1389 830852.9229,
823212.7586 830852.9241,
823217.3783 830852.9252,
823221.9981 830852.9264,
823226.6178 830852.9275,
823231.2375 830852.9287,
823235.8572 830852.9298,
823240.5589 830853.1366,
823245.2607 830853.3434,
823249.9624 830853.5502,
823254.6641 830853.757,
823259.3659 830853.9638,
823264.0676 830854.1706,
823268.7693 830854.3774,
823273.4711 830854.5842,
823278.1728 830854.791,
823282.8745 830854.9978,
823287.5763 830855.2046,
823292.278 830855.4114,
823296.9797 830855.6182,
823301.6815 830855.825,
823306.3832 830856.0318,
823311.3158 830855.6232,
823316.2484 830855.2146,
823321.181 830854.806,
823326.1137 830854.3973,
823331.0463 830853.9887,
823335.9789 830853.5801,
823340.9115 830853.1715,
823345.8441 830852.7629,
823350.7767 830852.3543,
823355.7094 830851.9456,
823360.642 830851.537,
823365.5746 830851.1284,
823370.5072 830850.7198,
823375.269 830849.8967,
823380.0309 830849.0736,
823384.7927 830848.2505,
823388.8286 830847.4694,
823392.8644 830846.6883,
823396.7136 830845.9433,
823400.5628 830845.1983,
823404.7597 830844.4352,
823408.9565 830843.6721,
823413.5858 830842.5021,
823418.2151 830841.332,
823422.8444 830840.162,
823427.4737 830838.9919,
823432.103 830837.8219,
823436.6312 830836.0478,
823441.1594 830834.2737,
823445.6876 830832.4996,
823450.2158 830830.7255,
823454.744 830828.9514,
823459.2722 830827.1773,
823463.8004 830825.4032,
823468.3286 830823.6291,
823472.8568 830821.855,
823477.385 830820.0809,
823481.9132 830818.3068,
823486.1782 830815.9276,
823490.4432 830813.5484,
823494.7082 830811.1692,
823498.9732 830808.79,
823503.2382 830806.4108,
823507.5032 830804.0316,
823511.7682 830801.6524,
823516.0332 830799.2732,
823520.2982 830796.894,
823524.5632 830794.5148,
823528.384 830791.3773,
823532.2049 830788.2398,
823536.0257 830785.1023,
823539.8465 830781.9648,
823543.6674 830778.8273,
823547.4882 830775.6898,
823550.5201 830773.4117,
823553.5521 830771.1336,
823556.584 830768.8555,
823559.6159 830766.5774,
823560.1037 830766.2109,
823563.0859 830763.9702,
823563.2222 830763.8678,
823565.5527 830761.8483,
823571.004 830757.1261,
823574.2447 830754.3193,
823577.4855 830751.5126,
823580.7262 830748.7058,
823583.8254 830745.1187,
823586.9246 830741.5316,
823590.0238 830737.9446,
823593.123 830734.3575,
823596.2222 830730.7704,
823599.3214 830727.1833,
823602.4206 830723.5963,
823605.5198 830720.0092,
823608.619 830716.4221,
823611.7182 830712.835,
823614.8174 830709.248,
823617.9166 830705.6609,
823621.0158 830702.0738,
823621.0158 830702.0738,
823621.286 830699.6261,
823621.286 830699.6261,
823622.0705 830696.9822,
823622.0705 830696.9822,
823622.9556 830693.9474,
823624.5995 830690.5965,
823626.2433 830687.2456,
823628.3297 830683.3889,
823630.4162 830679.5322,
823632.5026 830675.6754,
823634.589 830671.8187,
823636.1313 830668.5876,
823637.6736 830665.3565,
823639.2159 830662.1254,
823639.2159 830662.1254,
823640.8699 830659.0391,
823643.3264 830653.5187,
823644.9008 830649.6444,
823646.4752 830645.7701,
823646.4752 830645.7701,
823647.335 830643.4697,
823649.1286 830637.92,
823650.3863 830633.9139,
823651.6439 830629.9079,
823652.6498 830626.4647,
823653.3277 830624.0704,
823654.6453 830619.5307,
823655.9629 830614.991,
823657.2804 830610.4512,
823658.598 830605.9115,
823659.3844 830601.6001,
823660.1707 830597.2887,
823660.9571 830592.9772,
823661.7434 830588.6658,
823662.5298 830584.3544,
823662.8706 830579.7081,
823663.2114 830575.0617,
823663.5522 830570.4154,
823663.893 830565.769,
823663.925 830561.2299,
823663.9571 830556.6907,
823663.9891 830552.1516,
823664.0211 830547.6124,
823663.75 830543.2287,
823663.4788 830538.845,
823663.2077 830534.4613,
823662.4484 830529.9601,
823661.6892 830525.4588,
823660.9299 830520.9576,
823660.1707 830516.4563,
823659.4114 830511.9551,
823658.4963 830507.8538,
823657.5811 830503.7526,
823656.666 830499.6513,
823655.7508 830495.55,
823654.2594 830491.0759,
823652.7681 830486.6018,
823651.2767 830482.1277,
823649.7853 830477.6536,
823647.9211 830473.1456,
823646.0569 830468.6376,
823644.1927 830464.1296,
823642.3285 830459.6216,
823640.5208 830456.0513,
823638.713 830452.4811,
823636.9053 830448.9108,
823634.4197 830444.6175,
823631.934 830440.3241,
823629.4484 830436.0308,
823626.7029 830431.9295,
823623.9575 830427.8283,
823621.212 830423.727,
823618.4665 830419.6257,
823615.6847 830416.2541,
823612.9029 830412.8825,
823610.1211 830409.5108,
823607.3393 830406.1392,
823604.5575 830402.7676,
823601.4119 830399.38,
823598.2662 830395.9923,
823595.1474 830392.5509,
823592.0287 830389.1095,
823588.9099 830385.6681,
